Store,Sales_RollingMean_7,Sales_RollingMean_30,Sales_Lag_7,Sales_Lag_14,CompetitionDistance,Promo2,StoreType_b,StoreType_c,StoreType_d,Assortment_b,Assortment_c
292,4133.285714285715,7013.766666666666,8237.0,5614.0,1100.0,0,False,False,False,False,False
876,13243.714285714286,11076.033333333333,23927.0,13871.0,21790.0,1,False,False,False,False,False
581,5597.428571428572,5194.5,4564.0,6708.0,7250.0,0,False,False,False,False,False
616,7379.142857142857,8106.166666666667,6564.0,9247.0,3040.0,1,False,False,False,False,True
614,6665.857142857143,6798.733333333334,5790.0,6777.0,1160.0,0,False,False,False,False,False
402,6517.571428571428,5983.5,4495.0,6059.0,5830.0,1,False,True,False,False,True
576,6476.0,6812.1,4300.0,8439.0,50.0,0,False,True,False,False,False
618,8116.285714285715,7710.7,7250.0,8230.0,9910.0,0,False,False,True,False,True
370,7854.857142857143,8073.766666666666,6632.0,8007.0,8250.0,1,False,False,True,False,False
401,7740.0,7485.366666666667,6594.0,9495.0,9200.0,1,False,False,False,False,True
371,7478.857142857143,6931.533333333334,5317.0,7921.0,1970.0,1,False,False,True,False,True
577,4696.714285714285,5033.3,4010.0,6078.0,2270.0,1,False,False,False,False,True
267,11580.142857142857,9795.9,9898.0,8997.0,2460.0,0,False,True,False,False,False
248,7733.285714285715,8122.033333333334,7235.0,8325.0,340.0,1,False,False,False,False,True
617,6653.571428571428,6659.1,5061.0,7663.0,8940.0,1,False,False,False,False,True
354,7979.428571428572,8456.566666666668,6510.0,8203.0,1500.0,0,False,False,True,False,True
578,11659.42857142857,10816.333333333334,9379.0,10894.0,12700.0,0,False,False,True,False,False
368,11586.42857142857,10376.733333333334,7167.0,12117.0,1450.0,1,False,False,True,False,True
400,9015.0,8709.666666666666,7092.0,11208.0,70.0,1,False,False,False,False,False
579,7771.571428571428,7915.2,5756.0,8742.0,20970.0,0,False,True,False,False,False
399,6518.428571428572,6113.833333333333,5272.0,6436.0,5360.0,1,False,False,False,False,False
266,4272.428571428572,4157.833333333333,3990.0,5076.0,360.0,1,False,False,False,False,True
249,5496.0,5548.4,5163.0,6142.0,18010.0,0,False,False,True,False,True
372,8985.714285714286,9225.733333333334,6924.0,10271.0,4880.0,1,False,False,True,False,True
615,9890.57142857143,9396.133333333333,8212.0,10839.0,730.0,0,False,False,True,False,False
580,8915.285714285714,9794.4,7838.0,11037.0,170.0,0,False,False,False,False,True
355,9072.42857142857,9489.533333333333,8525.0,10293.0,9720.0,0,False,False,False,False,True
373,4842.285714285715,4691.233333333334,3883.0,5100.0,11120.0,1,False,False,True,False,True
398,5938.142857142857,5723.733333333334,4585.0,6574.0,1540.0,1,False,True,False,False,True
367,5293.285714285715,5666.433333333333,3753.0,6759.0,2640.0,0,False,False,True,False,True
393,6302.571428571428,6043.733333333334,4877.0,6131.0,4820.0,0,False,False,True,False,True
397,5835.714285714285,5941.766666666666,4550.0,7293.0,130.0,1,False,False,False,False,True
388,9570.857142857143,10050.1,8329.0,11196.0,2260.0,0,False,False,False,False,False
603,7714.857142857143,7259.033333333334,6224.0,8551.0,340.0,1,False,False,False,False,False
360,6915.0,7096.766666666666,5742.0,8549.0,2040.0,0,False,False,False,False,False
259,12288.42857142857,12542.933333333332,11711.0,12774.0,210.0,0,True,False,False,True,False
381,9122.0,9147.9,7726.0,10352.0,1800.0,1,False,False,False,False,False
594,4148.142857142857,4386.1,3944.0,5693.0,1790.0,0,False,False,False,False,False
604,7636.285714285715,7177.9,6394.0,7753.0,10950.0,0,False,False,True,False,False
593,9759.0,10021.366666666667,9588.0,11302.0,33060.0,0,False,False,False,False,True
254,3465.714285714286,3135.1666666666665,2757.0,2845.0,330.0,1,False,False,True,False,False
380,13720.285714285714,14169.666666666666,11141.0,17846.0,2240.0,1,False,False,False,False,False
389,10675.285714285714,11202.066666666668,9681.0,13389.0,6690.0,0,False,False,False,False,True
260,6006.428571428572,6354.0,5757.0,7130.0,540.0,0,False,False,False,False,False
592,4164.571428571428,4247.5,4556.0,3996.0,2540.0,0,False,False,False,False,False
605,8185.571428571428,7645.866666666667,6591.0,6905.0,10310.0,1,False,False,True,False,False
390,11675.857142857143,12091.1,9138.0,15205.0,1600.0,0,False,False,False,False,True
359,6998.142857142857,6782.8,5786.0,7078.0,4370.0,0,False,False,True,False,True
591,6380.714285714285,5864.6,4895.0,6170.0,3340.0,1,False,False,False,False,True
363,7131.857142857143,7595.0,6574.0,8566.0,250.0,0,False,False,False,False,False
364,5683.857142857143,5390.1,4998.0,5728.0,13620.0,1,False,False,False,False,True
595,13565.57142857143,14475.4,10228.0,17076.0,1130.0,0,False,True,False,False,True
255,6643.142857142857,6408.1,4357.0,6309.0,4630.0,1,False,True,False,False,True
599,9808.857142857143,10022.5,7508.0,10630.0,580.0,0,False,False,True,False,True
384,9766.142857142857,9324.6,8856.0,9759.0,130.0,1,False,False,False,False,True
600,7761.714285714285,7685.766666666666,5962.0,7957.0,17340.0,1,False,False,True,False,True
385,7966.428571428572,7387.6,5549.0,7571.0,4580.0,0,False,False,True,False,False
257,4827.285714285715,5057.633333333333,4303.0,7444.0,420.0,0,False,False,False,False,False
598,6112.0,5786.433333333333,5118.0,5759.0,550.0,1,False,True,False,False,False
256,8149.142857142857,8242.833333333334,6125.0,9188.0,80.0,1,False,False,False,False,True
361,6943.285714285715,6399.9,4892.0,6884.0,4490.0,1,False,True,False,False,True
362,9898.57142857143,9586.633333333333,8109.0,9927.0,340.0,0,False,True,False,False,True
383,17171.285714285714,17275.133333333335,16635.0,19052.0,350.0,0,False,False,False,False,True
597,5723.0,5269.233333333334,5130.0,5538.0,150.0,1,False,False,False,False,False
601,5196.857142857143,4983.6,3808.0,5077.0,8220.0,1,False,False,True,False,False
382,8525.857142857143,8003.633333333333,7009.0,9521.0,26130.0,0,False,True,False,False,True
386,7220.714285714285,7170.933333333333,4766.0,7719.0,1460.0,1,False,False,True,False,True
258,6436.0,5989.933333333333,5895.0,5706.0,27190.0,1,False,False,False,False,False
602,6625.857142857143,6496.966666666666,6062.0,8008.0,2710.0,1,False,False,False,False,False
596,5291.714285714285,5096.433333333333,4207.0,5570.0,290.0,0,False,True,False,False,False
387,9891.857142857143,9475.366666666667,7631.0,11293.0,210.0,1,False,True,False,False,False
265,5742.714285714285,5509.766666666666,4729.0,6345.0,4580.0,1,False,False,False,False,False
606,5746.428571428572,5753.033333333334,4411.0,7238.0,2260.0,0,False,False,False,False,False
379,4137.714285714285,4181.533333333334,3807.0,4961.0,6630.0,0,False,False,True,False,False
366,6293.0,6134.1,5309.0,6770.0,6470.0,0,False,False,True,False,True
611,6594.857142857143,6078.133333333333,5339.0,6597.0,8080.0,1,False,False,False,False,False
376,8048.142857142857,8314.2,5807.0,11044.0,160.0,0,False,False,False,False,False
585,4780.0,5134.466666666666,4192.0,5980.0,440.0,0,False,False,True,False,True
251,17976.0,18746.033333333333,16812.0,20846.0,340.0,0,False,False,False,False,True
395,3708.285714285714,3883.1,3261.0,4386.0,3620.0,0,False,False,False,False,False
584,5293.142857142857,5023.333333333333,4570.0,4897.0,1360.0,1,False,False,True,False,False
375,9922.142857142857,9518.866666666667,8526.0,11144.0,15710.0,1,False,False,False,False,True
396,10820.285714285714,10536.5,9983.0,11445.0,23130.0,0,False,False,False,False,True
264,6732.428571428572,6849.833333333333,5124.0,8025.0,180.0,0,False,False,False,False,False
356,6725.428571428572,6565.666666666667,5468.0,6057.0,8970.0,1,False,False,True,False,True
612,7571.428571428572,6598.9,6399.0,6953.0,2490.0,1,False,False,True,False,True
374,6927.0,7234.133333333333,6723.0,8736.0,1150.0,0,False,False,False,False,False
583,4328.142857142857,4302.966666666666,3242.0,5105.0,2640.0,0,False,False,False,False,False
613,6452.285714285715,6177.366666666667,5128.0,6622.0,250.0,1,False,True,False,False,False
582,6592.571428571428,6254.933333333333,5610.0,7106.0,120.0,0,False,False,False,False,False
250,9972.0,9099.633333333333,6266.0,9528.0,3520.0,1,False,False,True,False,False
263,4482.714285714285,4438.866666666667,3748.0,4041.0,1140.0,1,False,False,False,False,True
253,5828.857142857143,5647.8,3769.0,6559.0,250.0,1,False,False,False,False,True
610,4034.285714285714,4097.866666666667,3349.0,4961.0,660.0,0,False,False,False,False,False
394,9558.285714285714,8969.866666666667,7948.0,8977.0,10850.0,0,False,False,True,False,False
391,5335.857142857143,5289.866666666667,4733.0,5574.0,460.0,1,False,False,False,False,False
261,12468.42857142857,12198.7,9327.0,14920.0,15340.0,1,False,False,True,False,True
590,5696.571428571428,5424.833333333333,4746.0,4901.0,4520.0,1,False,False,True,False,True
607,3872.4285714285716,3762.0,3082.0,5309.0,350.0,1,False,False,False,False,False
589,5576.0,5303.366666666667,4669.0,5958.0,360.0,1,False,False,False,False,True
365,6305.571428571428,5787.033333333334,4361.0,6741.0,2410.0,1,False,True,False,False,False
392,6718.714285714285,7069.1,5870.0,8426.0,2120.0,0,False,False,False,False,False
358,9827.285714285714,9933.3,7221.0,10716.0,2890.0,0,False,False,False,False,False
588,6511.571428571428,6498.833333333333,5964.0,7285.0,15720.0,0,False,False,True,False,True
378,6725.857142857143,6926.5,5865.0,7987.0,2140.0,0,False,False,False,False,True
608,10425.714285714286,9672.466666666667,8956.0,11857.0,18370.0,1,False,False,False,False,True
609,4562.571428571428,4833.266666666666,4117.0,5808.0,2070.0,0,False,False,False,False,False
262,22367.285714285714,21595.3,18985.0,22986.0,1180.0,0,True,False,False,False,False
377,8201.57142857143,8478.9,7034.0,8820.0,100.0,1,False,False,False,False,True
587,11897.285714285714,10935.9,10864.0,11017.0,330.0,1,False,False,True,False,True
252,10994.857142857143,10623.633333333333,7580.0,11389.0,22330.0,1,False,False,True,False,True
586,15212.142857142857,15256.9,12770.0,18176.0,250.0,0,False,False,False,False,True
357,8372.42857142857,8244.033333333333,7291.0,9264.0,2060.0,0,False,False,False,False,False
353,6796.428571428572,6704.133333333333,6080.0,6635.0,900.0,1,True,False,False,True,False
477,6835.857142857143,6691.166666666667,5462.0,6279.0,770.0,1,False,False,True,False,False
575,6121.857142857143,5298.7,4497.0,6679.0,960.0,1,False,False,False,False,False
450,11063.42857142857,9557.366666666667,9251.0,9073.0,5780.0,1,False,True,False,False,False
300,7807.428571428572,7794.266666666666,7151.0,9095.0,120.0,1,False,False,False,False,True
330,3871.4285714285716,3949.4333333333334,3301.0,4124.0,370.0,1,False,False,False,False,True
512,6473.0,6670.966666666666,6767.0,7340.0,590.0,1,True,False,False,True,False
511,6054.857142857143,5896.766666666666,5573.0,6432.0,2060.0,0,False,False,False,False,False
451,6019.714285714285,5848.433333333333,4732.0,5756.0,2460.0,1,False,False,False,False,False
301,5303.285714285715,5531.433333333333,4545.0,6703.0,4510.0,0,False,False,False,False,True
510,7960.428571428572,8151.4,7077.0,9293.0,8260.0,0,False,False,False,False,True
452,5151.857142857143,4991.433333333333,3873.0,5177.0,1850.0,1,False,False,False,False,True
329,6673.0,6729.566666666667,5176.0,7758.0,1310.0,1,False,False,False,False,False
509,6481.857142857143,6223.433333333333,5306.0,7060.0,4740.0,1,False,False,False,False,False
453,12394.42857142857,11127.7,9758.0,10444.0,75860.0,0,False,False,False,False,True
302,4190.0,3856.7,3234.0,4759.0,2190.0,1,False,False,True,False,True
513,16868.428571428572,17442.133333333335,14959.0,20999.0,400.0,0,False,False,False,False,False
508,7235.571428571428,7424.5,5645.0,8345.0,1280.0,1,False,False,False,False,True
454,6281.428571428572,6115.233333333334,5067.0,7698.0,26450.0,0,False,False,False,False,False
328,4382.428571428572,4411.966666666666,4013.0,5571.0,3130.0,0,False,False,False,False,False
303,6059.285714285715,6204.533333333334,4899.0,7537.0,15430.0,1,False,False,False,False,False
506,7271.571428571428,7134.166666666667,5810.0,8191.0,1850.0,1,False,False,False,False,False
455,8459.57142857143,8386.1,7269.0,8006.0,7660.0,0,False,False,True,False,True
505,5099.857142857143,4741.6,4337.0,4921.0,350.0,1,False,False,False,False,False
456,5604.142857142857,5836.933333333333,4579.0,7062.0,140.0,0,False,False,False,False,True
304,6552.285714285715,6856.233333333334,5803.0,6992.0,1950.0,0,False,False,False,False,False
504,6378.0,6942.066666666667,5933.0,7787.0,820.0,0,False,True,False,False,True
327,8126.571428571428,7868.966666666666,6416.0,9009.0,1390.0,0,False,True,False,False,True
503,7716.428571428572,7087.933333333333,5745.0,7434.0,13080.0,1,False,False,True,False,True
457,5928.857142857143,5695.966666666666,4791.0,5834.0,13140.0,1,False,False,True,False,True
305,6310.571428571428,6397.466666666666,5081.0,6581.0,2470.0,1,False,True,False,False,True
507,8488.285714285714,8536.333333333334,6945.0,9062.0,9070.0,1,False,False,False,False,True
502,10634.714285714286,10430.466666666667,9236.0,12578.0,220.0,1,False,False,False,False,False
449,11343.714285714286,10703.866666666667,9609.0,13895.0,120.0,1,False,False,False,False,True
299,9913.42857142857,8911.6,9137.0,9139.0,38630.0,0,False,False,True,False,True
440,5551.285714285715,5505.166666666667,4509.0,5510.0,3900.0,1,False,False,True,False,False
294,6725.571428571428,6448.933333333333,5893.0,7170.0,3150.0,0,False,False,False,False,False
441,6067.0,6541.0,4941.0,6467.0,2530.0,0,False,False,True,False,False
524,8167.142857142857,7833.0,7108.0,8909.0,40860.0,0,False,False,False,False,True
523,13112.42857142857,13629.333333333334,11202.0,15269.0,50.0,0,False,True,False,False,True
442,5216.285714285715,4705.833333333333,3316.0,5389.0,500.0,1,False,True,False,False,False
334,5153.571428571428,5075.1,4764.0,5054.0,4040.0,1,False,False,True,False,True
295,6812.0,6321.066666666667,5688.0,7522.0,210.0,1,False,False,False,False,False
522,10035.714285714286,8986.3,8779.0,7752.0,7160.0,1,False,False,True,False,True
443,5583.571428571428,5290.733333333334,4772.0,6659.0,11400.0,0,False,False,True,False,False
521,5536.0,5391.733333333334,4814.0,5530.0,18610.0,1,False,False,True,False,False
444,12464.857142857143,11933.2,9854.0,11752.0,1700.0,0,False,True,False,False,False
296,7767.428571428572,7172.4,7063.0,7691.0,9580.0,1,False,False,False,False,False
514,6538.142857142857,5944.733333333334,4934.0,6016.0,1200.0,1,False,True,False,False,True
333,9976.285714285714,10274.4,9252.0,11438.0,3720.0,0,False,False,False,False,True
519,5914.714285714285,5543.3,4501.0,6143.0,2510.0,1,False,True,False,False,True
445,9040.42857142857,8755.5,7868.0,9234.0,240.0,0,False,False,False,False,False
297,8118.571428571428,7428.833333333333,5980.0,8582.0,2300.0,0,False,False,False,False,False
518,6995.857142857143,6136.733333333334,5228.0,6509.0,3330.0,1,False,False,True,False,True
446,4804.714285714285,4598.1,3981.0,5931.0,340.0,1,False,False,False,False,False
332,3595.1428571428573,3611.7,3013.0,3747.0,1840.0,0,False,False,False,False,False
298,9011.42857142857,8682.466666666667,7784.0,9397.0,19840.0,0,False,False,True,False,False
517,6857.714285714285,6482.066666666667,6166.0,7498.0,22490.0,0,False,False,False,False,True
447,4840.857142857143,5472.566666666667,4314.0,5463.0,1510.0,0,False,False,False,False,True
516,6141.285714285715,5924.833333333333,4996.0,6722.0,20.0,1,False,False,False,False,True
515,8650.0,9016.5,6428.0,9196.0,11260.0,1,False,False,True,False,True
448,8176.857142857143,8488.766666666666,7436.0,9561.0,3970.0,0,False,False,False,False,True
331,5720.571428571428,5703.933333333333,5199.0,6848.0,670.0,1,False,False,False,False,True
520,4597.0,4416.8,4175.0,4669.0,6900.0,1,False,False,False,False,True
458,8371.142857142857,7991.933333333333,6832.0,8539.0,3390.0,0,False,True,False,False,False
326,5866.857142857143,5689.633333333333,4782.0,5676.0,10070.0,1,False,False,True,False,False
501,5210.0,4978.766666666666,3861.0,6284.0,1620.0,0,False,False,False,False,True
312,5973.428571428572,5721.133333333333,4825.0,5736.0,11300.0,0,False,False,True,False,False
469,11614.142857142857,11826.966666666667,8151.0,13887.0,710.0,0,False,True,False,False,True
487,8000.285714285715,7436.3,6349.0,7836.0,2180.0,1,False,False,True,False,True
321,6479.285714285715,6217.7,4900.0,6408.0,8140.0,1,False,True,False,False,True
486,4411.428571428572,4390.866666666667,3947.0,5085.0,2320.0,1,False,False,False,False,False
470,11771.285714285714,11974.433333333332,9511.0,13332.0,50.0,0,False,False,False,False,True
313,7580.571428571428,7254.966666666666,6107.0,8152.0,14160.0,0,False,False,True,False,True
485,6077.571428571428,5526.533333333334,4616.0,5383.0,3270.0,1,False,False,True,False,True
471,7939.428571428572,7221.666666666667,7445.0,6483.0,5300.0,1,False,False,True,False,False
484,7879.142857142857,8003.266666666666,7273.0,7585.0,14300.0,0,False,False,False,False,True
320,15629.142857142857,15655.066666666668,14242.0,17521.0,210.0,0,False,False,False,False,True
314,5203.285714285715,4988.266666666666,4226.0,5410.0,3560.0,1,False,False,False,False,False
483,4798.285714285715,4833.0,3982.0,5628.0,2310.0,1,False,False,False,False,True
468,7609.571428571428,6607.7,4968.0,6728.0,5260.0,0,False,True,False,False,True
472,5024.428571428572,5381.3,4339.0,6254.0,5030.0,0,False,True,False,False,True
473,3387.285714285714,3331.6666666666665,2831.0,4441.0,50.0,0,False,False,False,False,False
319,7157.857142857143,7489.533333333334,6134.0,8491.0,570.0,1,False,False,False,False,True
315,4404.0,4566.333333333333,4226.0,4821.0,38710.0,0,False,False,False,False,True
481,6347.857142857143,5923.9,5834.0,6107.0,7470.0,1,False,True,False,False,True
480,4681.142857142857,4766.1,3871.0,5489.0,300.0,0,False,False,False,False,False
474,7583.714285714285,7475.7,5968.0,9202.0,14810.0,1,False,True,False,False,False
475,6250.285714285715,6267.133333333333,4729.0,6512.0,140.0,0,False,False,False,False,False
316,9838.142857142857,10206.9,7079.0,10925.0,9000.0,0,False,False,True,False,False
479,12612.0,11550.966666666667,10426.0,11592.0,320.0,1,False,False,False,False,False
318,7933.0,7556.5,7503.0,8048.0,32330.0,0,False,False,True,False,True
478,6765.714285714285,6927.9,5452.0,8063.0,1940.0,0,False,False,True,False,True
476,6220.428571428572,6012.3,5383.0,7149.0,8300.0,0,False,False,True,False,False
317,6103.0,5732.966666666666,5060.0,5255.0,3140.0,1,False,False,True,False,False
482,8220.0,7809.366666666667,5691.0,7966.0,2550.0,0,False,True,False,False,False
488,3529.1428571428573,3827.4666666666667,2601.0,4264.0,2890.0,0,False,False,False,False,True
489,8300.285714285714,7751.7,6025.0,9200.0,14960.0,1,False,False,False,False,False
322,5450.714285714285,5251.1,4676.0,5768.0,17500.0,1,False,False,False,False,False
306,5133.285714285715,4771.333333333333,4677.0,5197.0,5100.0,1,False,False,False,False,False
500,6871.285714285715,6474.866666666667,5950.0,5654.0,10690.0,1,False,False,True,False,True
459,9594.42857142857,9385.633333333333,7568.0,11053.0,250.0,1,False,False,False,False,False
499,6203.285714285715,5666.333333333333,5150.0,6299.0,450.0,1,False,True,False,False,True
460,4303.428571428572,3992.9,4010.0,4628.0,34050.0,0,False,False,False,False,False
325,6350.428571428572,6018.833333333333,6482.0,7002.0,350.0,1,False,False,False,False,True
307,2910.8571428571427,2735.0,2652.0,2783.0,18660.0,0,False,False,False,False,False
498,7097.857142857143,7063.333333333333,6312.0,7158.0,990.0,1,False,False,False,False,False
497,9571.714285714286,8891.233333333334,8779.0,9407.0,1610.0,0,False,False,False,False,True
461,5325.428571428572,4764.733333333334,4266.0,4846.0,1790.0,1,False,False,True,False,True
462,4801.571428571428,4599.766666666666,4282.0,4940.0,44320.0,0,False,False,False,False,False
308,8408.142857142857,8878.333333333334,7002.0,10665.0,1070.0,1,False,False,False,False,False
496,7415.857142857143,7813.866666666667,5820.0,9202.0,2780.0,0,False,False,True,False,True
463,5186.714285714285,5857.233333333334,4726.0,6833.0,4160.0,0,False,False,False,False,False
495,6205.0,5706.2,4464.0,6428.0,5470.0,1,False,False,True,False,False
324,5497.714285714285,5261.8,4486.0,5497.0,13140.0,1,False,False,False,False,False
309,7051.714285714285,6857.966666666666,5434.0,8132.0,8740.0,1,False,False,True,False,False
464,11065.857142857143,10858.166666666666,9175.0,11644.0,520.0,0,False,True,False,False,False
494,7600.857142857143,7542.533333333334,6358.0,7918.0,1260.0,0,True,False,False,False,False
493,8503.714285714286,8924.5,6340.0,9700.0,1150.0,1,False,False,True,False,True
465,8970.285714285714,8391.866666666667,7340.0,8815.0,10890.0,0,False,False,True,False,True
323,8134.714285714285,7807.033333333334,6916.0,7693.0,8400.0,1,False,False,True,False,True
310,9419.285714285714,8861.566666666668,8211.0,10886.0,2290.0,1,False,False,False,False,True
492,8225.57142857143,8041.566666666667,6885.0,9528.0,1740.0,1,False,False,False,False,False
466,7150.428571428572,7610.933333333333,5465.0,10337.0,3110.0,0,False,False,False,False,True
491,7982.428571428572,7121.8,5992.0,6887.0,4680.0,1,False,False,True,False,True
467,12490.57142857143,13547.1,11825.0,15191.0,20390.0,0,False,False,False,False,True
311,7163.571428571428,7106.366666666667,5730.0,7314.0,680.0,0,False,False,False,False,True
490,8560.42857142857,8218.066666666668,6669.0,7811.0,660.0,1,False,False,False,False,False
525,9728.714285714286,9641.366666666667,8709.0,10607.0,1870.0,0,False,False,True,False,True
268,4478.285714285715,4809.6,3709.0,5553.0,4520.0,0,False,False,False,False,False
526,11262.142857142857,10669.966666666667,8945.0,12948.0,120.0,1,False,False,False,False,False
335,13658.142857142857,12932.8,10969.0,14182.0,90.0,1,True,False,False,False,False
562,17529.0,17433.833333333332,16227.0,17687.0,1210.0,0,True,False,False,False,True
413,7855.0,7244.166666666667,6873.0,7577.0,760.0,0,False,False,False,False,True
275,7265.571428571428,6952.333333333333,5543.0,7278.0,300.0,1,False,False,True,False,False
561,7073.857142857143,6997.5,6037.0,8111.0,14300.0,0,False,False,True,False,False
414,7158.285714285715,7005.466666666666,6027.0,6513.0,6210.0,1,False,False,True,False,True
348,9727.714285714286,9253.266666666666,8981.0,8284.0,16490.0,1,False,False,False,False,False
560,14594.857142857143,14944.4,11531.0,17493.0,1910.0,0,False,True,False,False,True
559,6078.714285714285,5966.133333333333,5147.0,6459.0,3910.0,1,False,False,True,False,False
415,6912.714285714285,6638.4,5841.0,7076.0,6910.0,0,False,False,True,False,True
347,5801.714285714285,5413.066666666667,5259.0,5332.0,9360.0,1,False,False,True,False,True
276,3795.5714285714284,3710.8333333333335,3602.0,4949.0,2960.0,1,False,False,False,False,False
558,3346.5714285714284,3376.766666666667,2741.0,3957.0,3000.0,0,False,False,False,False,False
416,11215.142857142857,11648.3,9419.0,12930.0,4650.0,0,False,False,False,False,True
412,10756.42857142857,9677.366666666667,8851.0,8362.0,4460.0,1,False,False,True,False,True
277,6928.285714285715,6265.3,5195.0,6442.0,7840.0,1,False,False,True,False,True
417,6441.142857142857,6890.333333333333,5634.0,8788.0,840.0,1,False,False,False,False,True
556,7237.0,7258.233333333334,6380.0,8912.0,1140.0,0,False,False,True,False,True
346,7407.0,7571.8,6371.0,8585.0,8090.0,0,False,False,False,False,True
278,6855.428571428572,7398.133333333333,6398.0,8970.0,9260.0,0,False,False,False,False,True
555,5273.857142857143,5043.166666666667,3995.0,5567.0,1560.0,1,False,False,True,False,False
418,5141.428571428572,5227.633333333333,3665.0,6458.0,1060.0,1,False,False,False,False,False
554,5727.571428571428,5662.066666666667,4568.0,5629.0,1200.0,0,False,True,False,False,True
419,4780.714285714285,5181.2,4370.0,6552.0,1620.0,0,False,True,False,False,False
345,5247.0,4476.7,4140.0,4926.0,120.0,1,False,False,False,False,False
279,11736.142857142857,10003.8,8858.0,10707.0,2320.0,1,False,False,True,False,True
553,8298.285714285714,7648.5,5841.0,7657.0,3040.0,1,False,True,False,False,False
552,8568.285714285714,7913.6,7252.0,10957.0,4260.0,1,False,False,False,False,False
420,5664.857142857143,5168.933333333333,4456.0,5146.0,250.0,1,False,False,True,False,True
557,4002.4285714285716,4091.9666666666667,3158.0,5981.0,250.0,0,False,False,False,False,False
280,7104.714285714285,6552.433333333333,6102.0,6443.0,18640.0,1,False,False,True,False,True
274,5848.0,5889.133333333333,5912.0,6017.0,3640.0,1,True,False,False,True,False
349,8320.57142857143,8712.333333333334,7497.0,9478.0,1490.0,0,False,True,False,False,True
574,10482.142857142857,9663.066666666668,7883.0,11201.0,4400.0,0,False,False,True,False,False
403,7432.428571428572,7639.633333333333,6634.0,8514.0,4970.0,0,False,False,False,False,False
404,5711.571428571428,5281.0,4588.0,6417.0,1420.0,1,False,False,False,False,True
269,7509.0,7717.266666666666,5791.0,10439.0,60.0,0,False,False,False,False,True
573,4129.857142857143,3981.766666666667,2999.0,4559.0,1190.0,1,False,False,False,False,False
405,4657.285714285715,4569.0,3073.0,5317.0,1080.0,1,False,False,False,False,False
572,6834.142857142857,6925.766666666666,5209.0,7444.0,9230.0,1,False,False,True,False,True
352,6625.285714285715,6940.066666666667,5656.0,7447.0,6360.0,1,False,False,True,False,True
270,9565.57142857143,10168.7,8649.0,10657.0,1450.0,0,False,False,False,False,False
571,9096.42857142857,8496.6,8254.0,7453.0,2110.0,1,False,False,True,False,False
406,7922.571428571428,7519.866666666667,6160.0,7960.0,8240.0,1,False,False,True,False,True
570,3704.4285714285716,3947.5666666666666,3338.0,5056.0,180.0,0,False,False,False,False,False
407,4637.428571428572,4348.433333333333,3919.0,4777.0,5890.0,1,False,False,False,False,False
563,4085.0,4370.6,4086.0,5229.0,700.0,1,False,False,False,False,False
351,6424.428571428572,6171.266666666666,4612.0,6606.0,5290.0,1,False,False,False,False,False
569,4323.0,4506.933333333333,4149.0,4921.0,1340.0,0,False,False,False,False,False
568,5747.857142857143,5454.333333333333,4438.0,5098.0,4270.0,1,False,False,True,False,True
408,5690.0,5165.866666666667,4433.0,5960.0,1560.0,1,False,True,False,False,False
272,6642.0,6340.033333333334,4948.0,7713.0,16180.0,1,False,False,False,False,False
567,4951.857142857143,4918.166666666667,3857.0,5807.0,1010.0,1,False,True,False,False,False
409,7042.285714285715,6494.933333333333,6182.0,6545.0,840.0,1,False,False,True,False,True
350,7649.142857142857,7336.766666666666,6252.0,7951.0,8880.0,1,False,False,True,False,False
566,5083.428571428572,5504.7,4170.0,6498.0,3620.0,1,False,False,False,False,False
410,6356.285714285715,6409.966666666666,4045.0,7943.0,40.0,1,False,True,False,False,False
273,7702.571428571428,7715.8,6223.0,7957.0,8480.0,0,False,False,False,False,True
565,6588.285714285715,6563.833333333333,5023.0,7687.0,160.0,0,False,False,False,False,True
411,10455.285714285714,9788.666666666666,8716.0,10046.0,8460.0,0,False,False,True,False,True
564,5785.285714285715,6069.166666666667,4488.0,5956.0,6540.0,1,False,False,True,False,True
271,8504.142857142857,7874.2,6329.0,10310.0,420.0,1,False,False,False,False,False
421,11689.285714285714,10494.266666666666,8236.0,9873.0,3530.0,1,False,True,False,False,True
551,5811.857142857143,6776.933333333333,4770.0,7675.0,2190.0,0,False,False,False,False,True
344,9566.42857142857,9744.633333333333,8370.0,12189.0,300.0,1,False,False,False,False,True
538,3673.1428571428573,3991.0333333333333,3459.0,3857.0,990.0,0,False,False,False,False,False
339,5599.714285714285,5458.933333333333,4815.0,6042.0,2280.0,1,False,False,False,False,True
288,6005.857142857143,5573.133333333333,4741.0,6441.0,800.0,1,False,False,True,False,False
537,6923.428571428572,6194.733333333334,5804.0,6560.0,600.0,1,False,False,False,False,False
432,12500.857142857143,11735.266666666666,11301.0,13541.0,810.0,0,False,False,False,False,False
536,8079.428571428572,8165.7,6639.0,8541.0,4700.0,1,False,False,False,False,True
433,5895.571428571428,5785.866666666667,5855.0,7355.0,30030.0,0,False,False,False,False,True
338,7107.0,6934.9,5936.0,8150.0,1590.0,1,False,False,False,False,True
289,6195.428571428572,5988.666666666667,5245.0,6697.0,6540.0,0,False,False,True,False,False
535,7918.428571428572,8240.866666666667,7286.0,9545.0,3570.0,0,False,False,False,False,False
534,8884.285714285714,7772.033333333334,6921.0,9179.0,1200.0,1,False,False,True,False,False
434,10605.285714285714,10322.5,9731.0,10039.0,13020.0,1,False,False,False,False,False
290,6549.142857142857,7061.166666666667,5642.0,8774.0,4150.0,0,False,False,False,False,False
287,9003.0,8498.4,7137.0,8219.0,2740.0,1,False,True,False,False,False
435,2910.5714285714284,3028.4333333333334,2607.0,3579.0,910.0,0,False,False,False,False,False
337,6048.428571428572,5561.266666666666,5763.0,5186.0,10600.0,1,False,False,True,False,True
532,10434.714285714286,10831.366666666667,9013.0,10299.0,1070.0,0,False,False,False,False,True
531,4681.285714285715,5153.1,4501.0,6021.0,4030.0,0,False,False,False,False,True
436,5598.285714285715,5545.166666666667,4577.0,5758.0,2300.0,0,False,False,True,False,False
437,8388.142857142857,7425.066666666667,6330.0,8028.0,430.0,1,False,True,False,False,True
291,8089.571428571428,7967.366666666667,6263.0,8447.0,75860.0,0,False,False,True,False,False
530,8244.857142857143,7505.633333333333,6894.0,7676.0,18160.0,0,False,False,False,False,True
336,14636.42857142857,13898.266666666666,12142.0,16946.0,190.0,0,False,False,False,False,False
529,8288.142857142857,8428.1,6927.0,8299.0,12920.0,0,False,False,True,False,True
528,11062.142857142857,10870.3,9453.0,12460.0,20620.0,1,False,False,False,False,True
438,5799.428571428572,5710.133333333333,4392.0,6338.0,1110.0,1,False,False,True,False,True
527,10445.857142857143,10767.333333333334,8817.0,10425.0,5830.0,0,False,False,True,False,True
439,6787.285714285715,7043.966666666666,5650.0,8246.0,1350.0,0,False,False,False,False,False
533,11761.714285714286,10948.7,9439.0,11908.0,5950.0,0,False,False,False,False,True
431,9434.142857142857,9842.566666666668,8457.0,10636.0,4520.0,0,False,False,True,False,True
430,9642.142857142857,9060.033333333333,7660.0,9136.0,12870.0,0,False,False,True,False,True
539,12268.714285714286,11925.6,10954.0,11800.0,770.0,1,False,False,False,False,False
550,5549.428571428572,5260.666666666667,4325.0,5148.0,50.0,0,False,False,True,False,True
422,4126.714285714285,4463.8,3588.0,4978.0,2880.0,0,False,False,False,False,True
281,6121.285714285715,6224.033333333334,5148.0,6205.0,6970.0,0,False,False,True,False,True
549,4515.714285714285,4818.133333333333,4071.0,5538.0,2330.0,0,False,False,False,False,True
423,11728.57142857143,12067.033333333333,11137.0,13242.0,1270.0,0,True,False,False,False,False
548,4995.285714285715,5031.366666666667,4209.0,5430.0,3760.0,0,False,False,True,False,True
343,7266.571428571428,7701.233333333334,6010.0,8028.0,18650.0,1,False,False,True,False,False
282,4217.285714285715,4552.7,4242.0,5105.0,1220.0,0,False,False,False,False,False
547,7158.571428571428,6406.566666666667,5898.0,6209.0,8990.0,1,False,False,True,False,True
424,6368.857142857143,7328.566666666667,5434.0,7955.0,1250.0,1,False,False,True,False,True
425,3064.5714285714284,3170.9666666666667,2791.0,3780.0,1460.0,0,False,False,True,False,True
283,8002.571428571428,7849.033333333334,7864.0,7532.0,2260.0,1,False,False,False,False,False
546,13851.285714285714,15019.5,14443.0,16174.0,580.0,0,False,False,False,False,False
342,12518.857142857143,11775.833333333334,10168.0,12415.0,15770.0,1,False,False,True,False,True
545,11004.57142857143,11097.766666666666,8907.0,13212.0,5020.0,1,False,False,False,False,True
426,4851.714285714285,4927.4,3221.0,6015.0,250.0,0,False,False,False,False,False
284,6264.142857142857,5599.933333333333,4259.0,6554.0,1290.0,1,False,False,True,False,False
544,13629.57142857143,13489.133333333333,11439.0,16718.0,250.0,1,False,False,False,False,False
341,5329.857142857143,5655.166666666667,3966.0,6366.0,190.0,0,False,False,False,False,False
543,2888.714285714286,2728.7,2111.0,3531.0,1080.0,0,False,True,False,False,False
427,9223.42857142857,7739.333333333333,8389.0,9230.0,70.0,1,False,False,False,False,True
285,5687.142857142857,5637.1,4960.0,6111.0,2410.0,0,False,False,False,False,False
542,6746.714285714285,6271.766666666666,5969.0,6789.0,7280.0,1,False,False,False,False,False
428,7406.142857142857,6843.833333333333,6474.0,6719.0,2960.0,1,False,False,True,False,False
340,6391.428571428572,6981.266666666666,5252.0,8740.0,8080.0,0,False,False,False,False,True
541,6976.571428571428,6866.9,4811.0,7363.0,650.0,0,False,False,False,False,True
286,3862.4285714285716,3772.9333333333334,3245.0,4487.0,1460.0,0,False,False,False,False,False
540,8388.857142857143,7172.0,7299.0,7915.0,810.0,1,False,False,True,False,True
429,5732.142857142857,5373.1,4729.0,5628.0,16350.0,1,False,False,True,False,True
293,6014.142857142857,6176.2,5030.0,7219.0,140.0,0,False,True,False,False,True
619,4960.0,4423.6,3666.0,5242.0,1600.0,1,False,False,False,False,False
742,8134.428571428572,8223.8,6247.0,8590.0,4380.0,0,False,False,True,False,True
620,9411.0,8931.666666666666,8528.0,8934.0,5440.0,1,False,False,True,False,True
945,4066.1428571428573,4390.733333333334,3594.0,4669.0,12480.0,0,False,False,False,False,True
84,12659.57142857143,13188.033333333333,10504.0,14569.0,11810.0,0,False,False,False,False,True
946,4428.428571428572,4385.266666666666,3705.0,5115.0,2220.0,1,False,False,False,False,False
947,8566.857142857143,7697.866666666667,7304.0,9215.0,460.0,1,False,False,False,False,False
83,3505.0,3707.366666666667,2710.0,3971.0,2710.0,0,False,False,False,False,False
948,8455.857142857143,8507.166666666666,8183.0,8906.0,1430.0,0,True,False,False,True,False
949,5473.714285714285,5510.733333333334,4096.0,7120.0,870.0,0,False,False,False,False,False
82,8890.714285714286,9152.5,7716.0,11013.0,22390.0,1,False,False,False,False,False
950,6786.285714285715,6037.966666666666,5282.0,6208.0,8460.0,0,False,False,False,False,False
951,7483.285714285715,8029.1,5582.0,8555.0,710.0,1,False,False,True,False,True
81,8055.0,7680.8,6568.0,6703.0,2370.0,1,False,False,False,False,False
952,6486.571428571428,6176.866666666667,5250.0,5920.0,6300.0,0,False,False,True,False,True
80,8896.714285714286,8203.166666666666,7797.0,8223.0,7910.0,0,False,False,True,False,False
953,5464.571428571428,5407.5,4636.0,6031.0,19830.0,1,False,False,False,False,False
954,6296.142857142857,6665.466666666666,5762.0,8115.0,390.0,1,False,False,False,False,False
79,6291.857142857143,5952.366666666667,4444.0,6071.0,3320.0,0,False,False,False,False,False
955,5072.0,5065.1,3844.0,5242.0,1690.0,1,False,False,True,False,True
956,2874.285714285714,3082.3,2495.0,3598.0,2330.0,1,False,False,False,False,False
957,8026.0,8005.3,6526.0,9743.0,1420.0,0,False,False,True,False,True
944,8091.857142857143,7278.366666666667,6049.0,7194.0,1670.0,0,False,True,False,False,False
78,3767.8571428571427,3763.0,2893.0,4200.0,3510.0,1,False,False,False,False,False
943,7102.285714285715,7241.7,6639.0,8415.0,18020.0,0,False,False,True,False,True
942,7157.428571428572,6641.766666666666,5958.0,6906.0,6860.0,1,False,False,True,False,True
929,5805.571428571428,6001.4,4980.0,6526.0,4820.0,0,False,False,False,False,True
930,6475.0,6904.966666666666,5302.0,7523.0,70.0,0,False,False,False,False,False
91,5460.428571428572,4827.633333333333,3997.0,5846.0,2410.0,1,False,True,False,False,False
931,5175.285714285715,4794.5,4426.0,4435.0,1480.0,1,False,False,False,False,True
932,8204.42857142857,7591.7,6662.0,8594.0,15700.0,1,False,False,False,False,False
90,8017.285714285715,8377.0,7391.0,9216.0,330.0,0,False,False,False,False,False
933,7727.571428571428,7441.3,7398.0,9151.0,6270.0,0,False,False,False,False,True
934,6377.714285714285,6728.4,5656.0,7367.0,5460.0,1,False,False,False,False,True
89,6506.142857142857,6291.366666666667,6103.0,6738.0,2380.0,1,False,False,False,False,False
935,5925.285714285715,6050.6,4833.0,6733.0,22350.0,0,False,False,False,False,True
936,6710.571428571428,6561.3,5526.0,6895.0,580.0,0,False,False,False,False,False
88,5988.714285714285,6206.033333333334,4625.0,7886.0,10690.0,0,False,False,False,False,False
937,7688.142857142857,7813.9,5722.0,8079.0,2810.0,1,False,False,True,False,False
938,10075.42857142857,9791.366666666667,9030.0,10155.0,2820.0,0,False,False,False,False,False
87,5764.571428571428,5905.366666666667,4272.0,6996.0,560.0,0,False,False,False,False,False
939,5916.428571428572,5968.033333333334,4296.0,6825.0,1340.0,0,False,False,True,False,False
940,7659.142857142857,7658.3,6099.0,8337.0,6470.0,0,False,False,True,False,True
86,4262.428571428572,4486.3,3677.0,5609.0,480.0,1,False,False,False,False,False
941,5927.285714285715,5426.9,4769.0,5824.0,1200.0,1,False,False,False,False,False
85,7505.428571428572,7446.166666666667,5791.0,7750.0,1870.0,0,True,False,False,False,False
92,6288.142857142857,6421.733333333334,4279.0,7644.0,240.0,1,False,True,False,False,False
958,3589.8571428571427,3801.8,3389.0,4176.0,440.0,0,False,False,False,False,False
77,8313.42857142857,8044.866666666667,6424.0,8405.0,1090.0,1,False,False,True,False,True
69,9502.42857142857,9447.133333333333,8173.0,9854.0,1130.0,1,False,True,False,False,True
976,6766.714285714285,6853.0,5612.0,8542.0,4180.0,0,False,False,False,False,False
977,5120.857142857143,4567.333333333333,3933.0,4878.0,520.0,1,False,False,False,False,False
68,8071.142857142857,8426.333333333334,7984.0,8884.0,250.0,1,False,False,False,False,True
978,7060.428571428572,7366.566666666667,6038.0,8747.0,3890.0,0,False,True,False,False,True
979,6833.285714285715,6707.566666666667,5609.0,6514.0,2270.0,1,False,False,False,False,True
67,9596.42857142857,8434.466666666667,7654.0,9762.0,410.0,0,False,False,False,False,True
980,6629.285714285715,6143.433333333333,5560.0,6255.0,4420.0,0,False,False,False,False,False
981,7389.857142857143,7199.666666666667,6060.0,7698.0,2620.0,0,False,False,True,False,True
66,6833.0,6497.633333333333,6430.0,6642.0,7660.0,1,False,False,True,False,False
982,9253.285714285714,8496.9,7746.0,9763.0,21930.0,0,False,False,True,False,False
983,8340.285714285714,8364.466666666667,6358.0,10157.0,40.0,1,False,False,False,False,False
65,5457.0,5244.933333333333,4805.0,5523.0,13840.0,1,False,False,False,False,True
984,7126.571428571428,6279.766666666666,4774.0,6826.0,440.0,1,False,True,False,False,False
985,9640.285714285714,8746.6,7881.0,9273.0,490.0,1,False,True,False,False,True
64,11449.0,11485.266666666666,8478.0,11925.0,22560.0,1,False,False,True,False,True
986,4633.571428571428,4983.9,3318.0,6396.0,620.0,1,False,False,False,False,False
987,6186.571428571428,6615.933333333333,5776.0,8019.0,1690.0,0,False,True,False,False,False
63,7952.714285714285,7700.633333333333,6228.0,7749.0,3700.0,1,False,True,False,False,True
975,7437.428571428572,7381.533333333334,6772.0,8084.0,9630.0,1,False,False,False,False,True
959,6942.142857142857,7280.7,6098.0,8653.0,1060.0,0,False,False,False,False,True
974,12860.142857142857,12337.9,11307.0,13656.0,150.0,1,False,False,False,False,False
70,7376.571428571428,6868.6,5585.0,6968.0,4840.0,0,False,True,False,False,True
960,8132.142857142857,7307.9,6286.0,7426.0,8990.0,1,False,False,True,False,False
961,6330.714285714285,6412.533333333334,5126.0,6312.0,9430.0,0,False,False,True,False,True
76,9837.857142857143,9321.266666666666,7994.0,10562.0,19960.0,0,False,False,True,False,True
962,6505.428571428572,6471.333333333333,5151.0,7373.0,260.0,0,False,True,False,False,False
75,6658.142857142857,6595.1,6630.0,6341.0,22440.0,0,False,False,True,False,True
963,12081.42857142857,11312.1,10216.0,13134.0,23620.0,0,False,False,False,False,True
964,10177.857142857143,9061.6,7962.0,9922.0,270.0,1,False,False,False,False,False
74,5732.857142857143,5892.4,4540.0,6649.0,330.0,0,False,False,False,False,False
965,8749.285714285714,8161.7,7160.0,10755.0,110.0,0,False,False,False,False,True
966,4566.428571428572,4685.666666666667,3966.0,5020.0,760.0,0,False,False,False,False,False
967,7581.857142857143,8021.7,6581.0,8388.0,3560.0,1,False,False,False,False,True
73,4496.714285714285,4670.666666666667,3855.0,5147.0,1650.0,0,False,False,False,False,True
968,7307.857142857143,7363.866666666667,6475.0,7488.0,1190.0,0,False,True,False,False,False
969,4410.142857142857,4105.733333333334,3869.0,4773.0,600.0,1,False,False,False,False,True
72,4920.142857142857,4600.366666666667,3535.0,5727.0,2200.0,1,False,False,False,False,False
970,2624.0,2799.233333333333,2782.0,3519.0,910.0,1,False,False,False,False,False
71,8904.57142857143,8867.433333333332,6867.0,9977.0,17500.0,1,False,False,False,False,False
971,9537.714285714286,9061.666666666666,7283.0,9870.0,1140.0,1,False,True,False,False,False
972,3602.0,3369.3333333333335,2430.0,3761.0,14960.0,0,False,False,False,False,False
973,6544.714285714285,6985.9,5614.0,7453.0,330.0,1,False,False,True,False,True
928,8469.57142857143,7923.666666666667,5924.0,9029.0,1090.0,1,False,False,True,False,True
927,6113.714285714285,6359.033333333334,5071.0,7614.0,480.0,0,False,False,False,False,False
93,5574.285714285715,5885.533333333334,4740.0,6577.0,16690.0,1,False,False,False,False,False
115,8945.142857142857,8311.333333333334,7211.0,6933.0,5740.0,1,False,False,True,False,True
883,4199.428571428572,4492.2,3474.0,4425.0,3200.0,0,False,False,False,False,False
884,6892.142857142857,6325.033333333334,5150.0,6148.0,7550.0,0,False,False,True,False,True
114,5464.285714285715,5356.466666666666,3562.0,5832.0,4510.0,1,False,True,False,False,False
885,5559.0,5739.666666666667,4892.0,6678.0,480.0,0,False,False,False,False,False
886,6552.0,6815.466666666666,5800.0,7584.0,12430.0,0,False,False,False,False,True
113,6125.142857142857,5905.733333333334,5056.0,7152.0,20930.0,0,False,False,True,False,True
887,7350.285714285715,7090.8,5707.0,8151.0,19700.0,1,False,False,True,False,False
112,6597.857142857143,6544.533333333334,7637.0,7363.0,1630.0,0,False,False,False,False,False
888,8732.57142857143,9104.666666666666,7156.0,9977.0,4450.0,1,False,False,True,False,False
889,4364.428571428572,4167.133333333333,3306.0,4722.0,18670.0,0,False,False,True,False,False
890,6877.142857142857,6487.533333333334,5910.0,6765.0,4450.0,1,False,False,False,False,False
111,7373.571428571428,7039.0,6827.0,7559.0,7890.0,1,False,False,True,False,True
891,7298.571428571428,7418.4,5444.0,8659.0,350.0,1,False,False,False,False,True
892,7524.0,7474.833333333333,6177.0,8201.0,19370.0,0,False,False,False,False,False
110,5443.571428571428,4920.333333333333,4910.0,5370.0,46590.0,0,False,False,False,False,True
893,6557.285714285715,6358.866666666667,5407.0,7559.0,130.0,1,False,False,False,False,False
894,8313.142857142857,8443.2,5888.0,10859.0,190.0,0,False,False,False,False,False
109,6021.428571428572,6689.133333333333,5625.0,7723.0,3300.0,0,False,False,False,False,True
882,6097.285714285715,6174.466666666666,5831.0,6439.0,30.0,0,False,False,False,False,False
895,11378.714285714286,10516.733333333334,9300.0,10366.0,4150.0,0,False,False,False,False,True
881,3936.285714285714,4072.133333333333,2770.0,5253.0,180.0,1,False,False,False,False,False
880,9117.42857142857,8313.966666666667,7754.0,8886.0,4570.0,0,False,False,False,False,True
867,5504.428571428572,4850.133333333333,4659.0,5064.0,21810.0,0,False,False,True,False,True
122,10086.857142857143,8646.9,7956.0,8998.0,58260.0,0,False,False,False,False,True
868,10468.142857142857,10049.533333333333,8611.0,9532.0,1360.0,1,False,False,True,False,True
869,6123.285714285715,5756.633333333333,4801.0,6969.0,230.0,1,False,True,False,False,False
870,6871.0,7020.3,6523.0,8239.0,780.0,0,False,False,False,False,False
121,4351.285714285715,4211.266666666666,3895.0,5038.0,3570.0,1,False,False,False,False,False
871,7701.428571428572,7147.733333333334,6387.0,6569.0,10620.0,0,False,False,True,False,True
872,7186.285714285715,7407.966666666666,5692.0,7667.0,3860.0,1,False,False,False,False,True
1113,6539.142857142857,6741.333333333333,6410.0,7955.0,9260.0,0,False,False,False,False,True
120,7650.428571428572,7329.2,5869.0,8213.0,2290.0,1,False,False,True,False,False
873,3481.1428571428573,3693.5,2990.0,4071.0,2040.0,0,False,False,False,False,False
874,4952.857142857143,4964.1,4902.0,4677.0,3210.0,0,False,False,False,False,False
119,5701.428571428572,6078.9,4794.0,6802.0,2100.0,0,False,False,False,False,True
875,5054.142857142857,4945.166666666667,4124.0,5752.0,5070.0,1,False,False,True,False,False
118,8658.857142857143,8694.0,5971.0,9868.0,3580.0,0,False,False,True,False,True
877,6704.571428571428,6708.166666666667,5835.0,8163.0,29190.0,0,False,False,False,False,True
878,8809.42857142857,8546.7,6706.0,8901.0,1100.0,0,False,False,True,False,True
117,3428.0,3691.766666666667,2598.0,4153.0,3450.0,0,False,False,False,False,False
879,4757.142857142857,4220.066666666667,4520.0,4342.0,75860.0,1,False,False,True,False,False
116,6787.857142857143,7130.033333333334,6232.0,7756.0,680.0,0,False,False,False,False,False
896,7232.857142857143,7375.633333333333,6845.0,7964.0,170.0,0,False,False,False,False,True
108,13467.57142857143,12580.1,12103.0,12209.0,2190.0,0,False,False,True,False,True
897,3450.5714285714284,3249.6666666666665,2611.0,3282.0,3290.0,1,False,True,False,False,True
914,9108.857142857143,9454.033333333333,8390.0,11187.0,2640.0,1,False,True,False,False,True
99,6107.571428571428,5761.066666666667,5040.0,5830.0,2030.0,1,False,True,False,False,True
915,7363.0,6897.566666666667,5631.0,5468.0,650.0,1,False,False,True,False,True
98,5549.428571428572,5726.166666666667,4413.0,5795.0,15140.0,1,False,False,True,False,True
916,5837.0,5674.933333333333,4260.0,7695.0,90.0,0,False,False,False,False,False
917,6374.857142857143,6487.4,6026.0,6988.0,7240.0,0,False,False,False,False,False
97,7414.0,7018.0,6790.0,7821.0,8980.0,0,False,False,True,False,True
918,5342.0,5201.1,5160.0,6056.0,18710.0,0,False,False,False,False,True
919,6118.0,5716.5,4710.0,7247.0,2620.0,1,False,False,False,False,False
920,7047.428571428572,6436.133333333333,5245.0,6199.0,850.0,1,False,False,False,False,False
96,5953.571428571428,5351.666666666667,4655.0,6980.0,8780.0,1,False,False,False,False,False
921,7784.142857142857,8424.266666666666,7450.0,9304.0,840.0,0,False,False,False,False,False
922,7163.714285714285,7464.333333333333,5600.0,8188.0,2110.0,0,False,False,True,False,False
95,7256.571428571428,7044.2,5333.0,8255.0,1890.0,0,False,False,False,False,False
923,5092.0,5373.466666666666,4522.0,6134.0,280.0,0,False,False,False,False,False
924,4486.285714285715,4507.3,3972.0,4579.0,6420.0,1,False,False,False,False,False
94,7437.0,7533.833333333333,5580.0,8731.0,14620.0,0,False,False,True,False,True
925,7874.857142857143,7423.766666666666,6861.0,7229.0,470.0,1,False,True,False,False,False
926,8140.142857142857,7240.533333333334,6159.0,7512.0,5150.0,1,False,False,True,False,True
913,9801.714285714286,8995.1,7046.0,10528.0,280.0,0,False,False,False,False,False
100,9098.285714285714,8337.566666666668,8118.0,8066.0,17930.0,0,False,False,True,False,False
912,6134.0,5977.1,4865.0,6214.0,3100.0,0,False,True,False,False,True
911,9574.0,10094.133333333333,7531.0,11595.0,16490.0,0,False,False,False,False,True
107,7541.142857142857,7826.866666666667,7008.0,8392.0,1930.0,0,False,False,False,False,False
898,6765.857142857143,6694.233333333334,5096.0,8305.0,18540.0,0,False,False,False,False,False
899,5278.857142857143,5046.466666666666,3961.0,5611.0,2590.0,1,False,False,True,False,False
900,7041.142857142857,6623.033333333334,6166.0,6559.0,3920.0,1,False,False,False,False,False
106,8420.285714285714,9127.566666666668,8584.0,11967.0,1390.0,0,False,False,False,False,False
901,6820.714285714285,7302.0,6297.0,7792.0,3170.0,0,False,False,False,False,True
902,4145.428571428572,4033.6666666666665,3498.0,4209.0,310.0,1,False,False,False,False,False
105,5663.142857142857,5239.566666666667,5191.0,6439.0,6190.0,1,False,False,False,False,True
903,13401.285714285714,12317.466666666667,11863.0,11137.0,7290.0,0,False,False,True,False,True
988,4664.285714285715,5112.633333333333,4386.0,5669.0,30.0,0,False,False,False,False,False
904,6509.714285714285,5973.966666666666,5551.0,6159.0,570.0,1,False,False,True,False,True
905,6234.714285714285,6629.9,5286.0,7825.0,90.0,0,False,False,False,False,False
906,11079.0,10797.533333333333,10407.0,12102.0,90.0,0,False,False,False,False,False
103,4513.857142857143,4803.366666666667,3814.0,5036.0,5210.0,0,False,False,True,False,True
907,6559.428571428572,6690.8,5950.0,7035.0,250.0,0,False,False,False,False,True
908,4333.428571428572,4090.9666666666667,3316.0,5030.0,1980.0,1,False,False,False,False,False
102,6508.714285714285,6986.033333333334,4658.0,8787.0,150.0,1,False,False,False,False,False
909,14298.142857142857,14431.2,15484.0,6125.0,1680.0,1,False,False,False,False,True
910,6136.571428571428,5988.466666666666,4993.0,6841.0,12480.0,1,False,False,True,False,True
101,7708.0,8003.1,6236.0,9383.0,2440.0,1,False,False,True,False,True
104,10241.142857142857,10701.866666666667,8806.0,11580.0,390.0,0,False,False,False,False,False
989,5711.285714285715,5527.666666666667,4749.0,5989.0,1640.0,1,False,False,False,False,False
62,6327.285714285715,6523.866666666667,5643.0,7668.0,2050.0,0,False,False,False,False,False
990,6743.428571428572,6578.133333333333,5645.0,6569.0,20930.0,0,False,False,True,False,False
23,5645.142857142857,5633.3,4311.0,5604.0,4060.0,0,False,False,True,False,False
1068,5221.571428571428,4730.0,3683.0,5148.0,5010.0,1,False,False,True,False,True
1069,6711.428571428572,6348.1,5262.0,9577.0,18050.0,1,False,False,False,False,True
1070,8143.428571428572,7379.0,5877.0,7691.0,400.0,0,False,True,False,False,True
22,5323.142857142857,4942.033333333334,4390.0,4841.0,1040.0,1,False,False,False,False,False
1071,5769.285714285715,6145.0,4864.0,7368.0,820.0,1,False,False,False,False,False
21,6601.857142857143,6006.933333333333,4340.0,6377.0,550.0,1,False,True,False,False,True
1072,7030.285714285715,7054.566666666667,5756.0,8031.0,5380.0,1,False,False,False,False,True
1073,7022.857142857143,9198.366666666667,7499.0,11649.0,1710.0,1,False,False,False,False,True
20,9869.142857142857,8650.666666666666,9262.0,8262.0,2340.0,1,False,False,True,False,False
1074,5890.428571428572,5174.8,4833.0,5439.0,3330.0,1,False,True,False,False,True
1075,11160.714285714286,11758.533333333333,10188.0,12288.0,1410.0,0,False,False,False,False,True
19,6640.142857142857,6674.166666666667,5465.0,7485.0,3240.0,1,False,False,False,False,True
1076,3430.1428571428573,3889.4333333333334,2994.0,4716.0,90.0,1,False,False,False,False,True
1077,4368.428571428572,4348.866666666667,3215.0,4482.0,3750.0,1,False,False,False,False,False
18,7175.428571428572,7042.766666666666,6450.0,7933.0,13840.0,1,False,False,True,False,True
1078,8809.0,7809.433333333333,6938.0,9839.0,670.0,1,False,False,True,False,True
1079,9215.714285714286,8734.1,7513.0,11093.0,16680.0,1,False,False,False,False,False
17,6383.714285714285,6174.366666666667,5328.0,8172.0,50.0,1,False,False,False,False,False
1067,6612.714285714285,6371.5,5755.0,5864.0,12020.0,0,False,False,True,False,True
1080,11707.0,11094.533333333333,9928.0,10809.0,2410.0,1,False,False,False,False,False
1066,9079.142857142857,9375.8,8201.0,9559.0,3350.0,0,False,False,False,False,False
1065,4672.571428571428,4358.966666666666,4545.0,4805.0,1290.0,1,False,False,False,False,False
1,4679.142857142857,4475.7,3769.0,4767.0,1270.0,0,False,True,False,False,False
1053,8283.285714285714,8537.133333333333,6349.0,10002.0,1710.0,0,False,False,False,False,False
30,4027.285714285714,4072.5,3364.0,4412.0,40.0,1,False,False,False,False,False
1054,6443.428571428572,6477.2,5070.0,7062.0,13190.0,1,False,False,False,False,True
1055,7536.0,7723.9,5517.0,9055.0,1980.0,0,False,True,False,False,False
29,7686.428571428572,7905.8,5590.0,8383.0,2170.0,0,False,False,True,False,True
1056,5396.428571428572,4769.6,4271.0,4357.0,5350.0,1,False,False,True,False,True
1057,6034.714285714285,6280.933333333333,4198.0,6315.0,3230.0,0,False,False,True,False,True
28,4941.571428571428,4746.666666666667,3607.0,6012.0,1200.0,1,False,False,False,False,False
1058,7197.142857142857,7100.8,5600.0,8222.0,180.0,1,False,False,False,False,True
1059,8884.285714285714,8974.0,6329.0,9771.0,3380.0,0,False,True,False,False,False
27,8873.857142857143,9572.033333333333,6749.0,10741.0,60.0,1,False,False,False,False,False
1060,7031.0,7278.333333333333,6348.0,7995.0,3430.0,1,False,False,False,False,True
1061,9015.142857142857,8533.966666666667,7439.0,8629.0,8110.0,0,False,False,True,False,True
26,7459.857142857143,7045.733333333334,6204.0,7984.0,2300.0,0,False,False,True,False,False
1062,6831.714285714285,6379.533333333334,5818.0,7150.0,190.0,1,False,False,True,False,False
1063,4321.285714285715,4529.833333333333,3373.0,4670.0,6250.0,0,False,False,False,False,True
25,9606.142857142857,10424.4,8323.0,12171.0,430.0,0,False,True,False,False,False
1064,9295.857142857143,9688.433333333332,7525.0,11088.0,420.0,0,False,False,False,False,True
24,9595.42857142857,9853.933333333332,7534.0,11869.0,4590.0,1,False,False,False,False,True
1081,6468.571428571428,6506.933333333333,5797.0,7548.0,400.0,0,True,False,False,False,False
1082,7039.428571428572,6622.033333333334,5508.0,7392.0,440.0,0,False,True,False,False,False
16,8771.857142857143,8263.966666666667,7865.0,10099.0,3270.0,0,False,False,False,False,True
1099,9443.857142857143,8612.866666666667,11643.0,8239.0,200.0,1,False,False,False,False,True
1100,5004.857142857143,5060.966666666666,3477.0,6236.0,540.0,1,False,False,False,False,False
7,10881.714285714286,10167.1,9550.0,10095.0,24000.0,0,False,False,False,False,True
1101,10544.714285714286,10448.666666666666,9021.0,11948.0,4060.0,0,False,False,True,False,True
1102,7488.571428571428,7006.6,6005.0,7509.0,850.0,1,False,False,False,False,False
6,4400.714285714285,4556.7,3482.0,4582.0,310.0,0,False,False,False,False,False
1103,6744.714285714285,6017.266666666666,5154.0,5818.0,1340.0,1,False,False,True,False,True
1104,5821.857142857143,5710.633333333333,4745.0,6078.0,260.0,1,False,False,True,False,False
5,4791.714285714285,4643.366666666667,3713.0,6323.0,29910.0,0,False,False,False,False,False
1105,5181.857142857143,5143.066666666667,3653.0,6046.0,330.0,1,False,True,False,False,True
1106,5229.714285714285,5162.433333333333,5004.0,5987.0,5330.0,1,False,False,False,False,True
4,9702.57142857143,10147.033333333333,7286.0,11126.0,620.0,0,False,True,False,False,True
1107,7646.285714285715,6461.066666666667,5075.0,8103.0,1400.0,1,False,False,False,False,False
1108,6232.0,6060.6,4695.0,6937.0,540.0,0,False,False,False,False,False
3,6888.285714285715,7003.433333333333,5702.0,8663.0,14130.0,1,False,False,False,False,False
1109,5612.0,4963.8,4846.0,4407.0,3490.0,1,False,True,False,False,False
1110,4506.428571428572,4504.166666666667,3901.0,5397.0,900.0,0,False,True,False,False,True
2,4963.0,5062.733333333334,4108.0,6406.0,570.0,1,False,False,False,False,False
1111,4912.428571428572,4744.333333333333,3587.0,6254.0,1900.0,1,False,False,False,False,False
8,6459.857142857143,6514.2,6109.0,7932.0,7520.0,0,False,False,False,False,False
1098,5040.142857142857,5160.033333333334,4189.0,5612.0,1830.0,0,False,False,False,False,False
1097,10361.57142857143,10800.033333333333,9948.0,10876.0,720.0,0,True,False,False,True,False
9,7425.714285714285,7451.066666666667,6471.0,7013.0,2030.0,0,False,False,False,False,True
1083,5995.857142857143,5860.866666666667,4901.0,6463.0,11540.0,1,False,False,True,False,True
1084,6281.571428571428,6276.166666666667,5944.0,6680.0,190.0,1,False,False,False,False,False
15,7018.571428571428,7002.333333333333,5623.0,7885.0,4110.0,1,False,False,True,False,True
1085,7176.428571428572,7230.366666666667,6592.0,8617.0,4030.0,0,False,True,False,False,False
1086,6672.571428571428,6062.866666666667,5079.0,7021.0,180.0,1,False,False,False,False,False
14,5066.0,5393.366666666667,4080.0,6143.0,1300.0,1,False,False,False,False,False
1087,6687.857142857143,6730.333333333333,5727.0,8086.0,2210.0,0,False,False,True,False,True
1088,4896.714285714285,4892.8,4076.0,5283.0,4300.0,1,False,False,False,False,False
13,5834.857142857143,5347.433333333333,3959.0,10334.0,310.0,1,False,False,True,False,False
1052,7116.714285714285,7019.9,5649.0,8255.0,5080.0,1,False,False,False,False,True
1089,10026.57142857143,10523.433333333332,8274.0,10620.0,5220.0,0,False,False,True,False,False
1090,6816.142857142857,6670.666666666667,5617.0,8634.0,330.0,1,False,False,False,False,False
1091,8891.42857142857,9089.766666666666,7643.0,10312.0,9990.0,0,False,False,False,False,True
11,6932.571428571428,7550.766666666666,6151.0,9645.0,960.0,1,False,False,False,False,True
1092,14009.857142857143,12575.733333333334,11442.0,12501.0,300.0,1,False,False,False,False,False
1093,8675.714285714286,8592.7,7534.0,10008.0,10450.0,0,False,True,False,False,True
1094,5434.142857142857,5018.433333333333,5000.0,5591.0,2380.0,1,False,False,True,False,False
10,6046.857142857143,6050.533333333334,6401.0,6423.0,3160.0,0,False,False,False,False,False
1095,4735.142857142857,4690.733333333334,3874.0,5060.0,690.0,1,False,False,False,False,False
1096,5730.142857142857,5887.966666666666,4172.0,6175.0,1130.0,1,False,False,False,False,True
12,7618.285714285715,7798.733333333334,5784.0,10008.0,1070.0,1,False,False,False,False,True
866,7843.0,7142.833333333333,6591.0,6974.0,9680.0,1,False,False,True,False,False
31,6060.857142857143,5897.866666666667,4683.0,6300.0,9800.0,0,False,False,True,False,True
1050,7712.142857142857,7247.866666666667,5765.0,6677.0,13170.0,1,False,False,True,False,True
54,8663.857142857143,7963.866666666667,6186.0,8239.0,7170.0,1,False,False,True,False,True
1007,7782.142857142857,7487.466666666666,5419.0,8174.0,4180.0,0,False,True,False,False,True
1008,5917.142857142857,5809.9,4728.0,7266.0,30.0,0,False,False,False,False,True
53,5459.428571428572,5535.1,4517.0,7377.0,30360.0,0,False,False,False,False,True
1009,5290.857142857143,4955.8,4676.0,4909.0,230.0,1,False,False,False,False,False
1010,10708.857142857143,9641.733333333334,7603.0,9420.0,4610.0,1,False,False,True,False,True
52,7118.714285714285,6793.033333333334,6213.0,6395.0,450.0,1,False,False,True,False,True
1011,7344.142857142857,7092.566666666667,4995.0,9101.0,490.0,1,False,False,False,False,True
1012,6243.285714285715,5728.6,5762.0,5517.0,6330.0,1,False,False,True,False,True
51,7574.0,7334.466666666666,7042.0,7522.0,10570.0,1,False,False,False,False,True
1013,3662.8571428571427,3555.8333333333335,2770.0,3965.0,630.0,1,False,False,False,False,False
50,4843.0,4658.2,3794.0,4535.0,6260.0,0,False,False,True,False,False
1014,10274.857142857143,10217.533333333333,7908.0,12288.0,210.0,1,False,False,False,False,True
1015,6944.714285714285,6355.1,5279.0,6693.0,9910.0,1,False,False,True,False,True
49,8675.285714285714,7985.933333333333,6284.0,7647.0,18010.0,0,False,False,True,False,True
1016,5662.857142857143,5708.066666666667,4069.0,7352.0,550.0,1,False,True,False,False,True
1017,6355.571428571428,6359.0,5908.0,6428.0,110.0,0,False,True,False,False,False
48,3241.5714285714284,3454.4666666666667,2834.0,4099.0,1060.0,0,False,False,False,False,False
1018,11237.42857142857,11382.9,8643.0,13760.0,140.0,0,False,True,False,False,True
1006,7411.428571428572,6932.666666666667,5825.0,7771.0,3890.0,1,False,True,False,False,True
1019,9899.142857142857,8690.066666666668,7380.0,8880.0,2740.0,1,False,False,True,False,True
1005,6034.285714285715,6173.0,5460.0,6617.0,6480.0,0,False,False,False,False,False
1004,6224.142857142857,5699.933333333333,4459.0,6238.0,970.0,1,False,False,True,False,True
991,5676.142857142857,5876.7,4229.0,5012.0,1010.0,0,False,False,False,False,False
992,4579.714285714285,5051.3,3655.0,6013.0,2480.0,0,False,False,False,False,False
61,5770.0,5531.433333333333,3928.0,5926.0,350.0,1,False,False,False,False,True
993,8114.571428571428,7737.1,7003.0,8242.0,3460.0,1,False,False,True,False,True
994,5100.0,4866.333333333333,4002.0,6187.0,2290.0,1,False,False,False,False,False
60,9716.857142857143,9027.4,8113.0,11127.0,5540.0,0,False,False,True,False,True
995,9560.0,9573.233333333334,7986.0,10421.0,6560.0,0,False,False,True,False,False
996,7735.857142857143,7147.1,5901.0,8432.0,2870.0,1,False,True,False,False,False
59,5251.714285714285,5400.866666666667,4534.0,6437.0,2840.0,1,False,False,False,False,True
997,5679.571428571428,5126.233333333334,4646.0,5840.0,5840.0,1,False,False,True,False,True
998,4804.0,4660.7,4176.0,4639.0,780.0,1,False,False,False,False,False
58,7953.714285714285,7309.4,5917.0,7441.0,7340.0,1,False,False,False,False,True
999,9681.285714285714,9422.533333333333,7181.0,11190.0,15140.0,1,False,False,True,False,True
57,9592.142857142857,8939.933333333332,8135.0,10987.0,420.0,0,False,False,True,False,True
1000,7493.428571428572,7081.166666666667,5674.0,7871.0,2230.0,1,False,False,False,False,True
1001,6012.714285714285,5886.866666666667,4540.0,6710.0,19640.0,1,False,True,False,False,False
1002,6324.0,6932.666666666667,5069.0,8276.0,1130.0,0,False,False,True,False,True
56,8640.285714285714,8532.766666666666,7487.0,8645.0,6620.0,1,False,False,True,False,True
1003,7471.428571428572,6742.866666666667,5586.0,7142.0,170.0,1,False,False,False,False,False
55,4963.142857142857,5030.1,4406.0,6202.0,720.0,0,False,False,False,False,False
47,7003.571428571428,7358.533333333334,6246.0,9429.0,270.0,1,False,False,False,False,True
1020,8593.714285714286,8762.766666666666,7437.0,9327.0,40.0,0,False,False,False,False,False
1021,9188.142857142857,9749.766666666666,8464.0,10456.0,1080.0,0,False,False,False,False,False
38,6107.428571428572,6208.733333333334,4232.0,6837.0,1090.0,0,False,False,True,False,False
1038,6197.142857142857,5930.333333333333,5210.0,5754.0,17290.0,0,False,False,True,False,False
1039,7861.714285714285,8101.433333333333,5910.0,10563.0,70.0,1,False,False,False,False,True
37,7150.285714285715,6850.4,5196.0,7088.0,4230.0,0,False,True,False,False,False
1040,8442.285714285714,8642.333333333334,6680.0,9488.0,4030.0,1,False,False,False,False,False
1041,6481.571428571428,6374.933333333333,5449.0,6934.0,1600.0,1,False,True,False,False,False
36,11135.57142857143,10258.433333333332,9949.0,11512.0,540.0,1,False,False,False,False,True
1042,3807.4285714285716,4001.0333333333333,3209.0,3828.0,3440.0,1,False,False,False,False,False
1043,8416.714285714286,8261.2,6449.0,8687.0,420.0,0,False,True,False,False,False
35,9896.714285714286,11185.9,7779.0,11418.0,7660.0,1,False,False,True,False,True
1044,6708.857142857143,6021.033333333334,4598.0,6357.0,240.0,1,False,True,False,False,False
1045,10267.57142857143,9462.033333333333,9082.0,10725.0,26990.0,0,False,False,False,False,True
34,8086.857142857143,8490.9,6713.0,9781.0,2240.0,0,False,True,False,False,False
1046,9750.0,9291.4,8392.0,10906.0,29070.0,0,False,False,True,False,True
1047,4784.142857142857,4934.333333333333,3275.0,5178.0,3750.0,1,False,False,False,False,False
33,7625.0,8123.8,6090.0,8467.0,1320.0,0,False,False,False,False,True
1048,8148.571428571428,7691.866666666667,6246.0,7580.0,1860.0,1,False,False,True,False,True
1049,4145.285714285715,3845.8333333333335,3052.0,3964.0,370.0,1,False,False,False,False,False
32,4535.714285714285,4387.8,3528.0,6320.0,2910.0,1,False,False,False,False,False
1037,6298.857142857143,6274.666666666667,6204.0,6853.0,150.0,0,False,False,False,False,True
1036,5147.714285714285,5132.666666666667,4903.0,5277.0,9560.0,1,False,False,True,False,True
39,4836.0,4778.0,3802.0,5729.0,260.0,1,False,False,False,False,False
1035,5131.714285714285,4867.766666666666,4308.0,5229.0,27150.0,0,False,False,False,False,False
46,6424.857142857143,5321.266666666666,4350.0,5216.0,1200.0,1,False,True,False,False,False
1022,6904.0,7201.866666666667,4640.0,8004.0,1520.0,0,False,False,False,False,True
1023,5946.714285714285,5806.1,4937.0,6699.0,3740.0,1,False,True,False,False,False
45,5649.714285714285,5523.033333333334,4456.0,4743.0,9710.0,0,False,False,True,False,False
1024,6477.428571428572,6180.033333333334,4745.0,6149.0,1990.0,0,False,True,False,False,True
1025,7389.0,7664.6,7162.0,8109.0,720.0,0,False,False,False,False,False
44,5226.142857142857,5241.866666666667,4460.0,6324.0,540.0,0,False,False,False,False,False
1026,9094.285714285714,9272.966666666667,6621.0,9882.0,450.0,1,False,True,False,False,False
1027,15747.0,13330.933333333332,11881.0,15524.0,190.0,1,False,False,False,False,True
1051,8884.857142857143,8222.566666666668,7197.0,9999.0,200.0,1,False,True,False,False,False
43,6191.428571428572,6360.466666666666,4917.0,7041.0,4880.0,1,False,False,True,False,False
1029,5056.142857142857,5318.2,5050.0,6508.0,1590.0,0,False,False,False,False,False
42,9679.714285714286,10166.966666666667,8036.0,11779.0,290.0,1,False,False,False,False,True
1030,3832.714285714286,3691.9666666666667,3285.0,4918.0,36410.0,0,False,False,False,False,False
1031,5145.0,4877.4,3941.0,5553.0,590.0,0,False,False,True,False,False
41,6101.714285714285,5735.1,5578.0,6267.0,1180.0,1,False,False,True,False,True
1032,9453.0,9245.1,8272.0,10255.0,270.0,1,False,False,True,False,True
1033,13772.0,14303.0,11783.0,17784.0,7680.0,0,False,False,False,False,False
40,4618.285714285715,4448.166666666667,4027.0,4609.0,180.0,1,False,False,False,False,False
1034,6674.0,6383.8,5078.0,7176.0,13750.0,0,False,False,False,False,False
1028,5305.0,5021.4,4099.0,6052.0,150.0,1,False,False,False,False,False
123,8364.714285714286,8361.0,6466.0,11223.0,16760.0,0,False,False,False,False,False
865,7971.0,7979.2,7324.0,7951.0,2640.0,0,False,False,True,False,True
864,4780.428571428572,4520.5,3825.0,5054.0,1020.0,1,False,False,False,False,False
698,15367.42857142857,17088.133333333335,13781.0,18387.0,1790.0,0,False,False,False,False,False
699,8506.714285714286,7889.333333333333,7142.0,8715.0,180.0,1,False,False,False,False,False
700,4847.428571428572,4726.066666666667,4439.0,5385.0,830.0,1,False,False,False,False,True
208,3145.4285714285716,3178.9,2500.0,3507.0,300.0,0,False,True,False,False,False
701,7266.714285714285,5856.766666666666,5506.0,5394.0,1450.0,1,False,False,True,False,False
702,4900.0,4285.3,4252.0,4826.0,8550.0,1,False,False,False,False,False
207,11477.285714285714,11597.7,8953.0,13777.0,6870.0,0,False,False,False,False,False
703,3182.0,3133.5,2658.0,3792.0,80.0,0,False,False,False,False,False
704,10226.714285714286,11071.7,9090.0,13848.0,1910.0,0,False,False,True,False,True
206,7161.142857142857,7650.733333333334,6443.0,9289.0,380.0,1,False,False,False,False,True
705,7398.571428571428,8030.033333333334,5909.0,9413.0,4140.0,1,False,False,False,False,False
706,6308.142857142857,5950.166666666667,4749.0,5984.0,7830.0,1,False,False,True,False,False
205,6462.428571428572,6634.5,4835.0,8056.0,110.0,0,False,False,False,False,False
707,8106.714285714285,8526.033333333333,7258.0,9505.0,2900.0,0,False,False,False,False,True
708,6152.0,5975.066666666667,5477.0,6179.0,11470.0,1,False,True,False,False,True
204,6147.714285714285,5901.933333333333,5620.0,6466.0,5630.0,1,False,False,False,False,False
709,9840.285714285714,10457.633333333333,9323.0,11937.0,500.0,0,False,False,False,False,False
710,5721.857142857143,4772.533333333334,4211.0,4656.0,1500.0,1,False,False,True,False,False
203,7056.285714285715,7072.966666666666,6079.0,9432.0,490.0,0,False,True,False,False,True
209,6869.714285714285,6431.633333333333,5650.0,7167.0,11680.0,1,False,False,False,False,True
711,6326.571428571428,5781.866666666667,5090.0,5466.0,17110.0,1,False,False,True,False,False
697,10251.714285714286,10897.4,8209.0,12917.0,3780.0,1,False,False,True,False,False
210,3273.5714285714284,3101.366666666667,2374.0,3868.0,970.0,1,False,False,True,False,False
683,7649.0,8048.3,6750.0,9673.0,2850.0,0,False,False,False,False,False
216,6684.857142857143,6736.2,5615.0,6984.0,190.0,1,False,True,False,False,False
684,10177.42857142857,9300.333333333334,7765.0,8648.0,680.0,1,False,False,True,False,True
685,6468.285714285715,5573.8,5165.0,6270.0,650.0,1,False,False,False,False,False
215,7686.142857142857,6459.333333333333,5751.0,6496.0,150.0,1,False,False,True,False,False
686,6544.857142857143,6277.566666666667,5747.0,6971.0,20050.0,0,False,False,False,False,False
687,9237.42857142857,9064.8,6626.0,10470.0,2770.0,0,False,False,True,False,True
214,9329.714285714286,9358.0,7016.0,9689.0,8650.0,1,False,False,True,False,False
688,3703.8571428571427,3637.0333333333333,3223.0,4257.0,18760.0,1,False,False,False,False,False
689,6949.857142857143,6751.666666666667,6121.0,7803.0,15040.0,0,False,False,True,False,False
213,8724.142857142857,8617.333333333334,7070.0,10076.0,4030.0,1,False,False,True,False,True
690,5416.857142857143,5455.366666666667,4778.0,6023.0,100.0,0,False,False,False,False,False
691,8051.428571428572,8113.8,6848.0,8854.0,3030.0,1,False,False,True,False,True
212,4465.0,4687.733333333334,3534.0,6494.0,15050.0,0,False,False,False,False,True
692,6186.428571428572,6491.8,5131.0,7085.0,40.0,0,False,False,False,False,False
693,7428.857142857143,6741.0,4932.0,7688.0,450.0,1,False,False,True,False,False
211,14094.0,14287.633333333333,12692.0,18169.0,350.0,0,False,False,False,False,True
694,8959.142857142857,8594.933333333332,6752.0,8850.0,460.0,1,False,False,False,False,True
695,6134.285714285715,5656.033333333334,5484.0,7701.0,550.0,1,False,False,False,False,False
696,9110.857142857143,9138.633333333333,8635.0,11109.0,430.0,0,False,False,False,False,True
712,6820.0,6190.3,6219.0,6310.0,4870.0,1,False,False,False,False,False
202,6909.142857142857,6661.533333333334,6154.0,6717.0,5140.0,0,False,False,True,False,True
713,8095.714285714285,9162.4,6358.0,12115.0,220.0,1,False,False,False,False,True
730,6992.142857142857,7312.9,5580.0,8192.0,1190.0,0,False,True,False,False,False
731,8495.142857142857,9035.633333333333,6957.0,11489.0,15270.0,1,False,False,False,False,False
193,5971.857142857143,5561.266666666666,4060.0,7272.0,520.0,0,False,False,False,False,False
732,9617.142857142857,8787.433333333332,8174.0,8154.0,35280.0,0,False,False,False,False,True
733,14460.285714285714,14505.633333333333,14042.0,15016.0,860.0,0,True,False,False,True,False
192,14402.714285714286,13383.466666666667,10178.0,13958.0,2770.0,1,False,False,True,False,True
734,4926.285714285715,5208.7,3801.0,5695.0,220.0,1,False,False,False,False,False
191,7330.857142857143,7002.633333333333,5930.0,7740.0,1100.0,1,False,False,False,False,False
735,5760.142857142857,5483.7,4386.0,6343.0,1920.0,0,False,False,True,False,True
736,5414.428571428572,4983.266666666666,4521.0,5541.0,1650.0,1,False,True,False,False,True
190,8680.857142857143,8012.733333333334,6945.0,8175.0,1470.0,1,False,False,False,False,False
737,5778.857142857143,6199.466666666666,5013.0,7885.0,100.0,1,False,False,False,False,False
189,8836.857142857143,8591.6,8031.0,9359.0,5760.0,0,False,False,True,False,False
738,8512.142857142857,8756.2,7089.0,8267.0,5980.0,0,False,False,True,False,True
739,10448.285714285714,10727.8,8602.0,12538.0,2770.0,1,False,False,True,False,True
188,6550.142857142857,5712.633333333333,4647.0,6805.0,850.0,1,False,False,True,False,False
740,8571.285714285714,8060.133333333333,6691.0,8956.0,6400.0,0,False,False,True,False,False
741,8576.857142857143,8495.633333333333,7869.0,9083.0,11900.0,0,False,False,True,False,True
187,6301.428571428572,6444.8,5244.0,7140.0,19360.0,0,False,False,False,False,True
194,5753.142857142857,5184.066666666667,4635.0,5189.0,16970.0,1,False,False,True,False,True
729,10358.142857142857,10796.066666666668,8695.0,11754.0,8980.0,0,False,True,False,False,True
728,5900.142857142857,5593.366666666667,5036.0,5810.0,13990.0,1,False,False,True,False,False
195,10098.0,10645.633333333333,7893.0,10813.0,220.0,0,False,False,False,False,True
714,5782.571428571428,5450.166666666667,5229.0,6128.0,12070.0,1,False,False,True,False,True
201,5867.285714285715,5619.533333333334,5486.0,5721.0,20260.0,1,False,False,True,False,False
715,6606.428571428572,6400.066666666667,5241.0,8822.0,14810.0,0,False,False,False,False,False
716,6359.142857142857,5704.166666666667,4700.0,5403.0,3200.0,1,False,False,True,False,False
200,6698.0,7515.866666666667,6017.0,8930.0,1650.0,0,False,False,False,False,False
717,5450.428571428572,5357.733333333334,3908.0,6514.0,310.0,1,False,False,True,False,True
718,7887.285714285715,7480.4,7054.0,8865.0,1100.0,0,False,False,False,False,False
199,9063.142857142857,8547.866666666667,7303.0,9424.0,6360.0,1,False,False,True,False,True
719,6241.714285714285,5412.4,4772.0,4841.0,8190.0,1,False,True,False,False,True
682,10922.57142857143,11251.433333333332,9122.0,11827.0,150.0,0,True,False,False,False,False
720,7523.714285714285,7451.1,6479.0,8632.0,15320.0,1,False,False,False,False,True
721,7355.428571428572,7826.333333333333,6465.0,8305.0,3590.0,1,False,False,False,False,True
722,7756.857142857143,7693.566666666667,7357.0,8538.0,50.0,0,False,False,False,False,False
197,6911.714285714285,6835.133333333333,5327.0,8864.0,4210.0,0,False,True,False,False,False
723,9111.142857142857,8320.3,6710.0,8824.0,5650.0,1,False,False,True,False,True
724,5985.0,6748.233333333334,5338.0,6984.0,5900.0,0,False,False,True,False,True
725,5847.571428571428,6013.933333333333,4625.0,6633.0,17540.0,0,False,False,True,False,True
196,5197.0,5294.0,4406.0,5691.0,3850.0,1,False,True,False,False,False
726,11432.857142857143,11119.666666666666,9749.0,12973.0,40540.0,0,False,False,False,False,True
727,5044.571428571428,4804.466666666666,4431.0,5513.0,2050.0,0,False,False,False,False,False
198,2959.8571428571427,2906.8333333333335,2002.0,3063.0,290.0,1,False,False,False,False,False
1112,8851.857142857143,8641.2,6730.0,9459.0,1880.0,0,False,True,False,False,True
217,4602.714285714285,5061.333333333333,3889.0,5873.0,3150.0,0,False,True,False,False,False
680,5660.571428571428,5368.5,4172.0,6005.0,170.0,1,False,True,False,False,False
636,8343.285714285714,6752.3,5340.0,6208.0,720.0,1,False,True,False,False,False
239,5174.571428571428,5304.3,4062.0,5681.0,610.0,0,False,False,True,False,True
637,10312.0,9444.633333333333,9009.0,9803.0,9790.0,1,False,False,True,False,True
638,6666.142857142857,6310.1,5863.0,5950.0,10170.0,0,False,False,True,False,False
238,6876.0,7152.566666666667,5603.0,8189.0,320.0,1,False,False,False,False,False
639,4303.714285714285,4322.033333333334,3632.0,4791.0,7780.0,0,False,False,False,False,False
640,11626.142857142857,12014.133333333333,9945.0,12830.0,8040.0,0,False,False,True,False,True
237,4182.0,4705.633333333333,3812.0,5375.0,1420.0,0,False,False,False,False,False
641,5165.428571428572,5152.4,3970.0,6222.0,610.0,1,False,False,False,False,True
642,3221.8571428571427,3236.0,2879.0,4024.0,530.0,1,False,True,False,False,True
236,7258.142857142857,7576.9,6034.0,8942.0,1000.0,0,False,False,False,False,False
643,7444.857142857143,7906.866666666667,6144.0,8642.0,230.0,1,False,False,False,False,False
644,9959.142857142857,9168.266666666666,8335.0,8441.0,4030.0,1,False,True,False,False,False
235,5876.714285714285,5585.366666666667,4856.0,5959.0,5710.0,1,False,False,False,False,False
645,12472.57142857143,10817.166666666666,8472.0,12549.0,90.0,1,False,False,False,False,False
646,5362.571428571428,5177.766666666666,4818.0,5491.0,620.0,0,False,False,False,False,False
234,9794.857142857143,10517.533333333333,7008.0,12392.0,4370.0,0,False,False,True,False,False
647,5774.571428571428,6068.933333333333,4086.0,6555.0,7420.0,0,False,False,False,False,True
648,6274.142857142857,6529.733333333334,5099.0,7666.0,2130.0,0,False,False,True,False,False
635,6377.285714285715,6074.566666666667,4906.0,7271.0,27530.0,0,False,False,False,False,False
233,10746.857142857143,10075.766666666666,9510.0,10569.0,1890.0,0,False,False,False,False,False
634,7120.0,6881.633333333333,5108.0,8023.0,18610.0,0,False,False,True,False,False
633,7432.428571428572,7238.6,7412.0,6441.0,11640.0,1,False,False,True,False,False
621,5631.142857142857,6008.033333333334,4417.0,6925.0,30.0,0,False,False,False,False,False
246,6978.285714285715,7366.6,5580.0,8678.0,4660.0,0,False,True,False,False,False
1114,23425.14285714286,23263.933333333334,20564.0,25750.0,870.0,0,False,False,False,False,True
622,4559.142857142857,4559.633333333333,3970.0,4718.0,75860.0,0,False,False,False,False,True
623,6805.857142857143,6626.566666666667,5865.0,7626.0,4080.0,1,False,False,False,False,False
245,9684.714285714286,9849.4,8703.0,11039.0,1310.0,0,False,False,False,False,True
624,6737.285714285715,6809.8,6187.0,6908.0,6920.0,0,False,False,False,False,True
625,6267.285714285715,6219.233333333334,5326.0,6779.0,1170.0,1,False,False,False,False,False
626,10453.857142857143,9607.366666666667,7437.0,9967.0,10740.0,0,False,True,False,False,True
244,5529.571428571428,5354.833333333333,3435.0,6921.0,710.0,1,False,False,True,False,False
627,7607.714285714285,7038.1,6351.0,7901.0,3970.0,0,False,True,False,False,True
628,5589.142857142857,6209.5,4930.0,6788.0,2180.0,0,False,False,False,False,True
243,8086.428571428572,6949.566666666667,5984.0,7726.0,310.0,1,False,False,False,False,False
629,6581.285714285715,6254.133333333333,5032.0,6194.0,510.0,1,False,False,True,False,False
242,4383.285714285715,4242.766666666666,3226.0,5340.0,6880.0,1,False,False,True,False,False
630,6254.0,6036.3,5620.0,6763.0,1690.0,0,False,False,False,False,False
631,5262.285714285715,5698.4,4828.0,6275.0,2870.0,1,False,False,True,False,True
241,6285.571428571428,6514.133333333333,5311.0,7404.0,780.0,0,False,False,True,False,True
632,7417.428571428572,7736.1,5847.0,8246.0,3350.0,0,False,False,False,False,False
240,4386.142857142857,4889.866666666667,3480.0,5784.0,1110.0,0,False,False,False,False,False
649,3624.714285714286,3642.5333333333333,2944.0,4478.0,14570.0,0,False,False,False,False,False
650,6793.857142857143,6486.2,5557.0,6430.0,1420.0,1,False,False,False,False,False
232,4204.428571428572,3928.8333333333335,3456.0,4126.0,13570.0,1,False,True,False,False,True
224,8445.57142857143,7794.9,6726.0,8209.0,7930.0,1,False,False,True,False,True
668,8852.42857142857,9058.5,7619.0,10587.0,1270.0,0,False,True,False,False,False
669,5511.0,5140.7,4864.0,5509.0,17080.0,1,False,False,True,False,False
223,7130.571428571428,7216.066666666667,5296.0,8006.0,2920.0,1,False,False,True,False,True
670,7302.142857142857,6794.633333333333,5195.0,7391.0,2060.0,1,False,False,False,False,False
671,7701.428571428572,7217.233333333334,5790.0,7563.0,2070.0,1,False,False,False,False,True
222,4662.142857142857,5017.466666666666,4112.0,6354.0,2170.0,0,False,False,False,False,False
672,8591.0,8533.1,7000.0,9520.0,240.0,0,False,True,False,False,False
673,9334.714285714286,8329.266666666666,7175.0,8266.0,15170.0,1,False,False,True,False,True
221,6470.857142857143,6463.133333333333,4843.0,6552.0,13530.0,0,False,False,True,False,True
674,7904.428571428572,7863.766666666666,6425.0,8813.0,2640.0,1,False,False,False,False,False
675,3884.714285714286,3699.5666666666666,4174.0,4276.0,2100.0,1,False,False,False,False,False
220,4873.285714285715,4849.666666666667,5330.0,5513.0,1000.0,0,False,False,False,False,False
676,9068.0,9398.366666666667,8684.0,9764.0,1410.0,0,True,False,False,True,False
677,7587.285714285715,7197.0,6537.0,7242.0,1740.0,1,False,False,True,False,False
219,3240.714285714286,3133.4333333333334,2807.0,3230.0,1640.0,0,False,False,False,False,False
678,7259.428571428572,7454.466666666666,6280.0,8081.0,3250.0,1,False,True,False,False,False
679,9533.42857142857,9908.5,7719.0,12617.0,4140.0,0,False,False,False,False,False
218,5253.857142857143,4860.4,4795.0,5635.0,640.0,1,False,False,False,False,True
667,8904.285714285714,8839.7,6541.0,9842.0,2870.0,0,False,False,True,False,True
666,8965.142857142857,7640.9,5101.0,7342.0,2700.0,1,False,True,False,False,True
225,6272.285714285715,5618.0,4980.0,5423.0,10180.0,0,False,False,True,False,False
665,8504.42857142857,8128.7,7187.0,9646.0,90.0,1,False,False,False,False,False
651,7060.714285714285,7271.566666666667,5872.0,7752.0,200.0,0,False,False,False,False,False
652,7446.142857142857,7025.0,5949.0,7747.0,20390.0,0,False,False,False,False,False
653,6050.714285714285,5858.133333333333,5052.0,6504.0,7520.0,1,False,False,True,False,True
231,5944.857142857143,5101.033333333334,4454.0,5584.0,3840.0,1,False,False,True,False,True
654,6953.857142857143,6784.166666666667,5954.0,7813.0,6930.0,0,False,True,False,False,False
230,6893.285714285715,7988.8,5896.0,9066.0,6680.0,0,False,False,True,False,True
655,8925.142857142857,8607.933333333332,6334.0,9683.0,960.0,1,False,False,True,False,True
656,3234.0,3319.9,2682.0,4090.0,410.0,1,False,False,True,False,False
229,9631.57142857143,9194.933333333332,7858.0,10243.0,17410.0,1,False,False,True,False,True
681,4716.0,4148.833333333333,4183.0,4804.0,620.0,1,False,False,False,False,True
657,5185.714285714285,5613.466666666666,3888.0,6923.0,80.0,1,False,True,False,False,True
228,8006.285714285715,8288.2,6693.0,8739.0,10800.0,1,False,False,True,False,True
659,5478.857142857143,5485.233333333334,5049.0,6430.0,1590.0,0,False,False,True,False,False
660,6010.857142857143,5498.866666666667,5292.0,5979.0,1200.0,1,False,False,False,False,False
227,5799.571428571428,6191.833333333333,5038.0,6893.0,2370.0,0,False,False,False,False,False
661,6939.857142857143,7341.9,6760.0,8166.0,2140.0,0,False,False,True,False,True
662,7673.142857142857,8007.7,5182.0,9012.0,1070.0,0,False,False,True,False,False
663,6859.142857142857,6325.9,4929.0,6350.0,7860.0,0,False,False,False,False,True
226,6970.428571428572,6827.466666666666,6297.0,7495.0,450.0,0,False,False,False,False,False
664,5384.714285714285,5270.4,3860.0,6076.0,1680.0,0,False,False,True,False,True
658,5503.571428571428,5816.766666666666,4787.0,6958.0,520.0,1,False,False,True,False,True
247,8974.714285714286,8342.666666666666,6957.0,9810.0,70.0,1,False,False,True,False,True
369,7052.571428571428,6721.5,6123.0,6237.0,5870.0,0,False,False,True,False,True
744,8237.142857142857,7907.466666666666,6672.0,7957.0,1370.0,1,False,False,False,False,False
821,6589.0,7013.566666666667,6231.0,8397.0,1700.0,0,False,False,False,False,False
822,8379.42857142857,7746.0,6031.0,8055.0,410.0,1,False,False,False,False,True
146,7986.714285714285,8259.2,5933.0,9140.0,8050.0,1,False,False,True,False,True
823,5872.142857142857,6121.0,4847.0,7017.0,16210.0,0,False,False,False,False,True
824,6946.428571428572,7565.866666666667,6003.0,9769.0,17570.0,0,False,False,False,False,False
145,8609.142857142857,8127.366666666667,7038.0,9101.0,280.0,1,False,False,False,False,False
825,5463.285714285715,5203.9,4346.0,5171.0,380.0,1,False,False,False,False,False
144,8415.285714285714,7599.233333333334,7514.0,7525.0,16570.0,0,False,False,False,False,True
826,8244.714285714286,8728.666666666666,7199.0,9604.0,7980.0,0,False,False,False,False,True
827,15881.57142857143,16111.766666666666,15112.0,17516.0,250.0,0,False,False,False,False,True
143,6715.857142857143,6579.133333333333,5058.0,6634.0,2930.0,0,False,False,True,False,False
828,5320.142857142857,5173.9,4195.0,5977.0,3290.0,0,False,False,True,False,True
829,6384.857142857143,5828.566666666667,4934.0,6506.0,110.0,0,False,True,False,False,False
142,4161.714285714285,4408.9,3498.0,4952.0,1090.0,0,False,False,False,False,False
830,6692.285714285715,6469.133333333333,5212.0,7639.0,6320.0,1,False,False,False,False,True
831,12415.142857142857,12302.566666666668,10001.0,15754.0,800.0,0,False,False,False,False,False
141,6081.857142857143,5610.966666666666,4753.0,6454.0,1540.0,1,False,True,False,False,True
832,7519.857142857143,6873.533333333334,5352.0,6486.0,5070.0,1,False,False,True,False,False
833,5734.0,5477.766666666666,4506.0,6123.0,3290.0,1,False,False,True,False,True
147,7834.428571428572,8193.7,6204.0,8490.0,8540.0,0,False,False,True,False,True
140,7875.857142857143,7679.166666666667,6679.0,9093.0,1090.0,1,False,False,False,False,True
820,13010.0,12181.133333333333,11401.0,11779.0,1650.0,1,False,False,False,False,True
148,8326.857142857143,8924.733333333334,7140.0,9899.0,2090.0,0,False,False,False,False,False
154,9473.714285714286,9154.966666666667,8266.0,9569.0,16420.0,0,False,False,True,False,True
806,7864.857142857143,6936.466666666666,5133.0,7345.0,260.0,1,False,False,True,False,False
807,9978.714285714286,10193.133333333333,8611.0,9915.0,3870.0,0,False,False,False,False,False
808,8098.285714285715,7638.5,7100.0,8396.0,18620.0,1,False,False,False,False,False
153,6078.0,6108.2,3967.0,7386.0,16240.0,1,False,False,False,False,False
809,9538.57142857143,9649.0,7329.0,12081.0,12770.0,0,False,False,False,False,False
810,6048.571428571428,6018.0,4716.0,5896.0,9640.0,0,False,False,True,False,True
152,5476.571428571428,5552.4,4170.0,7019.0,1780.0,0,False,False,False,False,False
811,4327.714285714285,4294.2,3713.0,4262.0,410.0,0,False,False,False,False,False
812,6336.857142857143,6391.3,5272.0,7344.0,2590.0,0,False,False,True,False,False
151,7059.714285714285,7221.133333333333,5879.0,7254.0,4360.0,0,False,False,True,False,True
813,6405.428571428572,6075.533333333334,5978.0,6131.0,1560.0,0,False,False,False,False,False
814,8793.57142857143,8689.366666666667,7646.0,9013.0,24530.0,0,False,False,True,False,True
150,9892.714285714286,9159.833333333334,7575.0,9680.0,31830.0,0,False,True,False,False,True
815,6907.857142857143,6472.3,5798.0,6357.0,590.0,1,False,False,False,False,False
816,4103.142857142857,4636.066666666667,3658.0,5234.0,460.0,0,False,True,False,False,True
149,6681.285714285715,5706.0,5227.0,5675.0,2610.0,1,False,False,True,False,False
817,20203.285714285714,20948.566666666666,19532.0,24210.0,140.0,0,False,False,False,False,False
818,6104.857142857143,6248.666666666667,5160.0,6983.0,490.0,1,False,False,True,False,False
819,5852.428571428572,6059.033333333334,4882.0,7236.0,720.0,0,False,False,False,False,True
834,5715.714285714285,6102.3,5116.0,7759.0,3470.0,0,False,False,False,False,False
835,5257.714285714285,5395.333333333333,4316.0,6176.0,2890.0,1,False,False,False,False,False
139,7560.714285714285,6631.733333333334,6042.0,6210.0,1700.0,1,False,False,False,False,False
852,4642.428571428572,4423.533333333334,4001.0,5537.0,940.0,1,False,True,False,False,False
130,5248.714285714285,5357.266666666666,5161.0,6018.0,900.0,1,False,True,False,False,False
853,10743.714285714286,9971.2,8660.0,11448.0,14040.0,0,False,False,False,False,False
854,5988.285714285715,6036.533333333334,4898.0,6703.0,4770.0,1,False,True,False,False,False
129,8938.42857142857,8436.933333333332,7224.0,10136.0,2460.0,1,False,False,False,False,False
855,6758.571428571428,6173.1,4859.0,6826.0,3440.0,1,False,False,False,False,False
128,9056.714285714286,8784.266666666666,7836.0,9433.0,2000.0,1,False,False,True,False,True
856,7378.571428571428,7455.033333333334,6022.0,8465.0,3020.0,0,False,False,False,False,False
857,9331.285714285714,8581.5,6996.0,8834.0,6270.0,1,False,True,False,False,False
858,5679.285714285715,5282.766666666666,4887.0,5660.0,3370.0,1,False,False,False,False,False
127,6094.285714285715,5451.3,4867.0,5454.0,1350.0,1,False,False,True,False,False
859,8681.0,8106.966666666666,6978.0,8023.0,21770.0,0,False,True,False,False,False
126,5564.285714285715,5367.733333333334,3865.0,6426.0,3370.0,1,False,False,True,False,False
860,6726.714285714285,6675.5,5109.0,6602.0,5980.0,0,False,True,False,False,True
861,4233.571428571428,4004.9333333333334,3700.0,4617.0,740.0,1,False,True,False,False,True
125,12033.142857142857,12266.0,10568.0,15654.0,760.0,0,False,False,False,False,False
862,8184.285714285715,8504.6,7185.0,10043.0,2840.0,1,False,False,False,False,True
863,8605.714285714286,8265.833333333334,8903.0,9964.0,21370.0,0,False,False,False,False,True
124,3821.4285714285716,4371.3,3217.0,4600.0,1410.0,0,False,False,False,False,False
851,5890.857142857143,5393.633333333333,5246.0,5139.0,2330.0,1,False,False,True,False,True
131,4365.142857142857,5014.3,4092.0,5759.0,920.0,0,False,True,False,False,False
850,6091.285714285715,6235.8,4890.0,7878.0,1120.0,1,False,False,True,False,False
849,9039.142857142857,8552.2,6864.0,9069.0,5000.0,0,False,True,False,False,True
836,6226.428571428572,6295.366666666667,5570.0,7883.0,2720.0,0,False,False,False,False,False
837,3963.1428571428573,4065.266666666667,3686.0,4319.0,14600.0,0,False,False,False,False,True
138,8153.142857142857,7859.333333333333,6434.0,9261.0,25360.0,0,False,False,False,False,True
838,8491.285714285714,8544.3,7723.0,9362.0,6890.0,1,False,False,True,False,True
839,3885.8571428571427,3845.366666666667,2995.0,5298.0,240.0,0,False,True,False,False,False
137,7376.857142857143,7841.133333333333,7162.0,8031.0,1730.0,1,False,False,False,False,False
840,6732.857142857143,6376.133333333333,5765.0,8173.0,1070.0,0,False,False,False,False,False
136,6410.571428571428,5684.266666666666,4098.0,7074.0,2200.0,1,False,False,False,False,True
841,2545.0,2568.0,2147.0,3320.0,27650.0,0,False,False,False,False,False
805,6057.285714285715,5640.666666666667,4314.0,6387.0,24770.0,1,False,False,True,False,False
842,21988.714285714286,20718.0,19169.0,23523.0,1200.0,0,False,False,True,False,True
843,8959.857142857143,9799.833333333334,7320.0,12111.0,60.0,0,False,True,False,False,False
844,3976.285714285714,4046.0333333333333,2719.0,5183.0,2030.0,1,False,False,False,False,False
134,4279.714285714285,4605.6,3632.0,5502.0,1200.0,0,False,False,False,False,False
845,5418.714285714285,5247.166666666667,4281.0,5022.0,7860.0,1,False,False,True,False,False
846,9373.714285714286,9105.4,7469.0,10158.0,8860.0,1,False,False,False,False,True
133,5917.714285714285,5880.766666666666,4697.0,7035.0,270.0,1,False,False,False,False,False
847,6711.428571428572,6600.0,5062.0,6878.0,190.0,1,False,True,False,False,True
848,8214.285714285714,7112.1,6303.0,8517.0,370.0,1,False,False,False,False,True
132,7977.571428571428,7644.0,6530.0,7141.0,1040.0,1,False,False,True,False,True
135,6583.142857142857,6396.933333333333,5388.0,6606.0,5190.0,1,False,False,True,False,False
743,4245.571428571428,3929.9666666666667,3147.0,4420.0,6710.0,1,False,False,False,False,False
155,7452.428571428572,6749.2,6037.0,5601.0,3050.0,1,False,False,True,False,False
803,6055.285714285715,5943.866666666667,4884.0,7515.0,1760.0,1,False,False,True,False,False
178,10561.42857142857,10212.1,9254.0,11566.0,1710.0,0,False,False,True,False,False
760,8102.857142857143,8285.533333333333,7777.0,8398.0,560.0,0,False,False,False,False,False
761,8423.42857142857,9113.433333333332,6662.0,11108.0,2390.0,0,False,False,False,False,False
177,3411.8571428571427,3734.2,3050.0,4838.0,1250.0,1,False,False,False,False,False
762,5007.857142857143,4398.066666666667,3792.0,4601.0,1280.0,1,False,False,True,False,True
763,6552.142857142857,6356.6,5166.0,6458.0,32240.0,0,False,False,True,False,True
176,4759.714285714285,4994.566666666667,4087.0,5825.0,3770.0,0,False,False,False,False,False
764,4378.0,4095.9333333333334,4048.0,4213.0,26490.0,1,False,False,False,False,True
765,9600.857142857143,8916.266666666666,8543.0,8265.0,25430.0,1,False,False,False,False,True
175,5672.0,6312.433333333333,4727.0,7787.0,4130.0,0,False,True,False,False,False
766,7561.571428571428,6955.966666666666,6311.0,7293.0,9820.0,0,False,False,True,False,True
767,6146.428571428572,6275.133333333333,5737.0,7613.0,13080.0,0,False,False,False,False,True
174,6505.428571428572,6263.533333333334,5962.0,5924.0,13090.0,1,False,False,False,False,False
768,13145.857142857143,13702.9,9718.0,15913.0,2630.0,0,False,False,False,False,True
173,8065.285714285715,8301.9,6933.0,10032.0,350.0,0,False,False,False,False,False
769,11344.714285714286,12057.733333333334,11966.0,14323.0,840.0,1,True,False,False,True,False
770,5239.142857142857,4859.966666666666,4187.0,6964.0,100.0,0,False,False,False,False,True
771,7525.571428571428,7139.8,6079.0,7999.0,20640.0,0,False,False,False,False,False
172,7300.0,7043.1,6342.0,7407.0,110.0,1,False,False,False,False,False
759,7642.285714285715,7217.066666666667,5576.0,8998.0,110.0,1,False,False,False,False,False
772,4023.8571428571427,4046.0,3565.0,4443.0,1850.0,0,False,False,True,False,True
758,5371.857142857143,5023.066666666667,4967.0,6236.0,19780.0,0,False,False,False,False,True
179,6986.0,7329.466666666666,5068.0,8268.0,480.0,0,False,False,False,False,True
186,4378.285714285715,4039.6,3535.0,4051.0,290.0,1,False,False,False,False,False
745,8108.571428571428,7708.866666666667,5905.0,9462.0,17650.0,1,False,False,False,False,False
185,6609.857142857143,6673.666666666667,5231.0,7659.0,1860.0,0,False,False,True,False,True
746,7257.285714285715,6839.4,5357.0,7301.0,4330.0,1,False,False,True,False,True
747,8686.57142857143,8250.133333333333,7610.0,7330.0,45740.0,0,False,True,False,False,True
184,6390.428571428572,6468.266666666666,5489.0,7534.0,3560.0,0,False,False,True,False,True
748,5703.714285714285,5775.233333333334,4123.0,5902.0,2380.0,1,False,False,True,False,False
749,4759.428571428572,4747.866666666667,4537.0,5574.0,3410.0,1,False,False,False,False,False
183,5421.714285714285,6109.966666666666,4979.0,5156.0,9670.0,0,False,False,False,False,False
750,5788.714285714285,4950.533333333334,5391.0,5744.0,8670.0,1,False,False,True,False,False
751,3817.714285714286,4013.9333333333334,3638.0,4162.0,650.0,0,False,False,False,False,False
182,6148.0,5691.6,5155.0,5437.0,1390.0,1,False,False,True,False,True
752,5375.571428571428,5146.366666666667,3667.0,6279.0,970.0,1,False,False,False,False,False
753,7903.857142857143,8029.9,6410.0,8659.0,540.0,1,False,False,True,False,True
181,6635.714285714285,6307.9,5290.0,7945.0,12610.0,1,False,False,False,False,False
754,7426.857142857143,7207.233333333334,6105.0,8358.0,380.0,1,False,True,False,False,True
180,7272.857142857143,7446.166666666667,6049.0,8774.0,5800.0,0,False,False,True,False,False
755,10960.0,10963.4,8872.0,11673.0,13130.0,0,False,False,True,False,True
756,16367.857142857143,17096.4,13879.0,19975.0,50.0,1,False,False,False,False,True
757,7561.571428571428,7051.8,6384.0,8273.0,3450.0,0,False,False,False,False,True
171,7823.714285714285,8058.333333333333,6687.0,8308.0,2640.0,0,False,False,False,False,False
773,5253.714285714285,5178.266666666666,4514.0,6006.0,200.0,0,False,False,False,False,False
774,4974.571428571428,5462.433333333333,4500.0,6015.0,640.0,0,False,False,False,False,True
162,8739.57142857143,8154.833333333333,7160.0,8723.0,5340.0,1,False,False,True,False,True
791,8478.142857142857,8617.4,6828.0,9912.0,5950.0,0,False,False,False,False,False
792,7159.0,7017.066666666667,5787.0,8159.0,17280.0,1,False,False,True,False,False
161,6957.0,7285.866666666667,6515.0,8127.0,2970.0,0,False,False,False,False,True
793,5100.857142857143,4961.766666666666,3513.0,6092.0,2710.0,0,False,False,True,False,False
794,3234.5714285714284,3280.7,3579.0,3041.0,5090.0,0,False,True,False,False,True
160,5790.571428571428,5700.2,5525.0,5926.0,17110.0,0,False,False,True,False,True
795,4634.142857142857,4473.233333333334,3039.0,5913.0,510.0,1,False,False,True,False,False
796,8128.571428571428,7647.666666666667,7025.0,8472.0,7180.0,0,False,False,False,False,True
159,8512.285714285714,7907.933333333333,6104.0,8448.0,8530.0,0,False,False,True,False,False
797,5467.571428571428,5261.933333333333,4266.0,5593.0,2090.0,1,False,False,False,False,False
798,7430.714285714285,7452.433333333333,6456.0,8522.0,9560.0,0,False,False,False,False,False
158,8891.285714285714,8530.1,7479.0,7835.0,11840.0,1,False,False,True,False,True
799,9367.57142857143,9757.933333333332,7889.0,9973.0,2700.0,0,False,False,False,False,True
800,5005.857142857143,4767.1,3898.0,5329.0,2020.0,0,False,False,True,False,False
157,9443.57142857143,9938.6,8075.0,11648.0,2950.0,0,False,False,False,False,True
801,6631.142857142857,5797.566666666667,5683.0,5641.0,48330.0,0,False,False,True,False,False
802,7460.857142857143,7117.7,5546.0,8553.0,910.0,1,False,False,False,False,True
156,7191.285714285715,6751.566666666667,6454.0,7676.0,2020.0,1,False,False,False,False,False
790,7854.714285714285,7713.933333333333,6039.0,7973.0,9070.0,0,False,False,True,False,True
789,4212.714285714285,3864.4,4235.0,3857.0,9770.0,0,False,False,False,False,True
163,5983.857142857143,6607.4,5215.0,7270.0,1480.0,0,False,False,False,False,False
788,16672.714285714286,18050.266666666666,14169.0,23043.0,1530.0,0,False,False,False,False,True
170,4206.0,4170.9,3705.0,4930.0,1070.0,1,False,False,False,False,False
775,9511.0,8614.7,8800.0,8345.0,6970.0,1,False,False,True,False,True
776,4893.428571428572,4824.8,3666.0,6087.0,700.0,1,False,True,False,False,False
169,5857.0,5883.233333333334,4268.0,6704.0,980.0,1,False,False,True,False,False
777,4920.0,4584.133333333333,3525.0,4185.0,8250.0,1,False,False,True,False,True
778,6081.0,5802.3,4515.0,6775.0,340.0,1,False,False,False,False,False
168,8544.714285714286,7890.966666666666,6574.0,9393.0,12540.0,0,False,False,False,False,False
779,7366.0,7087.933333333333,6259.0,8286.0,16990.0,0,False,False,False,False,False
780,6874.714285714285,6532.433333333333,5987.0,7693.0,18160.0,0,False,False,False,False,False
804,5910.0,5268.033333333334,5138.0,4804.0,2100.0,1,False,True,False,False,True
167,9756.714285714286,9538.333333333334,7923.0,12141.0,140.0,0,False,False,False,False,False
782,5754.285714285715,5428.066666666667,4938.0,5536.0,5390.0,1,False,True,False,False,True
783,7080.714285714285,7124.3,6078.0,7366.0,15490.0,0,False,False,True,False,True
166,5412.142857142857,5595.766666666666,4782.0,5876.0,100.0,1,False,False,False,False,True
784,6561.571428571428,6707.066666666667,5431.0,7576.0,560.0,1,False,False,False,False,False
785,8174.428571428572,7407.1,5514.0,8320.0,970.0,1,False,False,True,False,True
165,4428.285714285715,3974.0333333333333,3764.0,4256.0,3720.0,1,False,False,False,False,False
786,3016.0,3220.8333333333335,2411.0,4086.0,290.0,1,False,False,False,False,False
164,7269.428571428572,6681.166666666667,6027.0,7490.0,1160.0,1,False,False,False,False,False
787,10136.42857142857,10345.433333333332,7887.0,10901.0,3210.0,0,False,True,False,False,True
781,4666.142857142857,4649.233333333334,3578.0,5235.0,630.0,0,False,False,False,False,False
1115,7676.285714285715,7091.6,6150.0,6039.0,5350.0,1,False,False,True,False,True
